1.399929 0.373505 1.514945 0.279875
1.370352 0.383844 1.521245 0.300727
1.534327 0.399340 1.521840 0.336681
1.478919 0.376640 1.292749 0.288783
1.463917 0.376807 1.378482 0.288972
1.391966 0.375145 1.349659 0.275551
1.297995 0.383981 1.397490 0.290119
1.401390 0.379396 1.432223 0.290880
1.579249 0.389485 1.558182 0.321254
1.341217 0.371218 1.471252 0.273008
1.294277 0.371180 1.563011 0.283056
1.473777 0.379336 1.510676 0.283084
1.710712 0.382820 1.471894 0.329196
1.424815 0.384067 1.528062 0.314060
1.362884 0.379191 1.493378 0.303937
1.558098 0.391691 1.593006 0.304336
1.644357 0.392066 1.575894 0.324800
1.582970 0.395383 1.633451 0.338350
1.620350 0.393226 1.545448 0.311333
1.603208 0.405088 1.748805 0.355767
1.521263 0.393824 1.659148 0.329628
1.691885 0.397984 1.649004 0.325564
1.800234 0.402559 1.685035 0.336799
1.758713 0.406114 1.757279 0.351159
1.636447 0.401416 1.597500 0.333293
1.601403 0.394424 1.593506 0.329860
1.781951 0.405874 1.632193 0.351576
1.634119 0.416447 1.513854 0.346726
1.769606 0.398072 1.484304 0.317697
1.667858 0.414700 1.573815 0.341264
1.866066 0.400377 1.515079 0.317989
1.516029 0.408009 1.553515 0.334947
1.799205 0.412830 1.565910 0.341346
1.521899 0.397847 1.533478 0.313704
1.541834 0.398363 1.506958 0.321842
1.436459 0.396673 1.479728 0.323763
1.646387 0.395816 1.406336 0.313014
1.324521 0.371334 1.402090 0.276652
1.483310 0.378259 1.284995 0.298639
1.330803 0.380278 1.456292 0.283894
1.469377 0.380260 1.428929 0.288290
1.531901 0.374803 1.439684 0.299985
1.482959 0.386763 1.505809 0.316089
1.348890 0.380527 1.501733 0.294599
1.372262 0.387171 1.536006 0.306556
1.329761 0.382334 1.480507 0.295063
1.602018 0.396947 1.521628 0.331379
1.433393 0.380059 1.527998 0.293843
1.426726 0.383076 1.479656 0.297267
1.484182 0.403200 1.524029 0.324044
1.746223 0.401488 1.635805 0.331756
1.404173 0.393924 1.549181 0.306686
1.423340 0.381582 1.552382 0.284350
1.567322 0.393977 1.712305 0.335207
1.580504 0.387505 1.648478 0.296056
1.679536 0.395768 1.634030 0.328196
1.565798 0.392407 1.553666 0.310952
1.655912 0.412474 1.605763 0.342325
1.538908 0.397800 1.527516 0.328633
1.705546 0.393932 1.575427 0.322477
1.757951 0.401915 1.686258 0.348516
1.572332 0.395108 1.694611 0.303927
1.576521 0.406083 1.674058 0.335210
1.518151 0.394539 1.636375 0.311052
1.760078 0.414035 1.841607 0.363581
1.622312 0.388761 1.660441 0.309442
1.655926 0.403019 1.641144 0.334774
1.603415 0.403578 1.688312 0.322362
1.782534 0.400985 1.595668 0.330221
1.503140 0.406647 1.601753 0.317505
1.779064 0.404671 1.580257 0.324302
1.465538 0.379249 1.344030 0.281935
1.463851 0.388050 1.512011 0.303215
1.487497 0.393255 1.520608 0.296278
1.500877 0.404418 1.572914 0.345221
1.374146 0.391135 1.623777 0.291314
1.307414 0.364685 1.437638 0.264934
1.262945 0.374088 1.541182 0.269746
1.528321 0.378653 1.418005 0.300593
1.420341 0.361234 1.346843 0.256383
1.466098 0.380331 1.434653 0.294813
1.299827 0.369925 1.377002 0.282361
1.546704 0.396037 1.556864 0.330438
1.389638 0.382399 1.499831 0.302564
1.877980 0.406153 1.677321 0.356015
1.382339 0.388410 1.665851 0.299461
1.516388 0.398214 1.671794 0.318584
1.613121 0.407377 1.758787 0.346927
1.883178 0.419076 1.772108 0.360779
1.624190 0.414814 1.767224 0.346398
1.526607 0.409401 1.660091 0.338754
1.685316 0.400393 1.658809 0.329379
1.663834 0.400739 1.650065 0.328193
1.871501 0.413642 1.714330 0.373564
1.602438 0.412621 1.559435 0.333837
1.653715 0.405124 1.639587 0.327097
1.631168 0.412070 1.612091 0.343871
1.833977 0.400372 1.629909 0.332302
1.536100 0.401390 1.564950 0.327483
1.731215 0.417908 1.685839 0.353871
1.700023 0.422360 1.684840 0.367552
1.550156 0.386382 1.449155 0.298904
1.652940 0.403121 1.558690 0.342301
1.658263 0.390956 1.541663 0.303159
1.559260 0.385206 1.554893 0.297167
1.451655 0.400347 1.558783 0.319433
1.702318 0.405927 1.592557 0.338231
1.581321 0.408611 1.595475 0.329939
1.790798 0.400672 1.674213 0.323495
1.483098 0.394312 1.545506 0.301458
1.433079 0.396312 1.576614 0.325398
1.748982 0.420234 1.697665 0.358969
1.752056 0.410421 1.716083 0.344283
1.475117 0.406385 1.566952 0.327497
1.389383 0.392601 1.510097 0.323028
1.446067 0.385338 1.404901 0.298512
1.608371 0.386829 1.366336 0.304726
1.507901 0.379004 1.486665 0.301419
1.503555 0.377106 1.531008 0.286605
1.492066 0.387289 1.415873 0.303078
1.646338 0.400442 1.537889 0.321773
1.579990 0.409200 1.502641 0.312826
1.917173 0.418056 1.569273 0.339073
1.597757 0.407519 1.545201 0.327639
1.598243 0.401556 1.545977 0.329898
1.679497 0.410517 1.530114 0.354293
1.870679 0.398504 1.656062 0.320887
1.645601 0.409421 1.630767 0.319789
1.503951 0.402949 1.576401 0.316424
1.690314 0.406906 1.688090 0.347680
1.670970 0.402564 1.590639 0.322245
1.706017 0.408931 1.642643 0.363017
1.521189 0.401578 1.632896 0.324834
1.579226 0.395960 1.584091 0.323177
1.576725 0.394127 1.567704 0.307792
1.744933 0.420102 1.654309 0.366684
1.568137 0.394031 1.473589 0.316390
1.759986 0.407877 1.580524 0.335729
1.682801 0.411672 1.689505 0.335241
1.622324 0.393278 1.619488 0.322332
1.581660 0.401159 1.523238 0.319214
1.561961 0.386143 1.442215 0.298602
1.672414 0.390225 1.614509 0.331064
1.492300 0.389551 1.456761 0.299770
1.671505 0.401453 1.527241 0.309716
1.589755 0.420377 1.639129 0.337715
1.934251 0.433939 1.735956 0.383921
1.537609 0.419742 1.637468 0.345380
1.769460 0.431786 1.668949 0.363231
1.762046 0.435476 1.750077 0.370492
1.892537 0.423521 1.537873 0.343945
1.602308 0.409948 1.502097 0.314527
1.318211 0.381514 1.551613 0.286935
1.469094 0.381680 1.533478 0.293619
1.583414 0.386202 1.457488 0.299129
1.416083 0.374414 1.341225 0.287787
1.590379 0.380066 1.380324 0.296327
1.483087 0.379380 1.415851 0.286460
1.677902 0.403444 1.539478 0.321479
1.707418 0.408325 1.739873 0.328869
2.067752 0.436669 1.832286 0.402088
1.699738 0.419546 1.778899 0.350913
1.603589 0.407135 1.845282 0.334383
1.746310 0.398685 1.613037 0.327959
1.892586 0.419662 1.809728 0.373355
1.773684 0.421536 1.840354 0.348916
1.478438 0.400119 1.664397 0.302728
1.602180 0.399138 1.523740 0.320362
1.557135 0.391708 1.449454 0.315622
1.726137 0.414305 1.664017 0.346466
1.403775 0.400065 1.620089 0.314161
1.727898 0.410077 1.750575 0.347917
1.470368 0.393833 1.686459 0.301057
1.648549 0.405689 1.565253 0.340025
1.418535 0.386636 1.499451 0.309077
1.555977 0.402723 1.582019 0.333901
1.676617 0.397120 1.628341 0.325967
1.553687 0.390968 1.633624 0.309758
1.552192 0.404082 1.569243 0.329873
1.600547 0.420916 1.737461 0.372273
1.552136 0.397232 1.627159 0.326151
1.532975 0.402524 1.677004 0.322900
1.523159 0.394939 1.556871 0.303485
1.650941 0.423778 1.729428 0.363459
1.723316 0.434328 1.785773 0.375928
1.426446 0.411517 1.704852 0.326324
1.700675 0.429677 1.729742 0.351435
1.755316 0.418758 1.643328 0.332719
1.910621 0.427562 1.633160 0.368095
1.566845 0.394956 1.366682 0.297530
1.339505 0.381425 1.585300 0.296320
1.655804 0.403360 1.653350 0.326367
1.530881 0.390151 1.527138 0.314280
1.419920 0.386486 1.638733 0.309704
1.527017 0.378436 1.590398 0.294386
1.689572 0.387275 1.648483 0.314895
1.606193 0.386568 1.747218 0.309379
1.592514 0.402792 1.553501 0.333035
1.943205 0.429135 1.704532 0.364437
1.618483 0.402002 1.583810 0.310037
1.721675 0.428127 1.633848 0.357298
1.823101 0.404464 1.506066 0.329814
1.892485 0.417891 1.694732 0.375910
1.627438 0.412127 1.590385 0.351624
1.547260 0.405382 1.679441 0.322874
1.602809 0.403839 1.701912 0.344465
1.437603 0.387445 1.586233 0.313371
1.689109 0.410774 1.684830 0.352642
1.537047 0.386646 1.408364 0.304934
1.586379 0.393903 1.468097 0.314658
1.447934 0.391314 1.513787 0.302234
1.645550 0.380523 1.585319 0.302102
1.532953 0.384582 1.494276 0.308671
1.565897 0.388300 1.654358 0.316765
1.752295 0.401469 1.677716 0.333565
1.625289 0.399479 1.653594 0.338421
1.561693 0.404522 1.790924 0.334738
1.570279 0.401091 1.671421 0.331241
1.721143 0.392213 1.733572 0.319264
1.492309 0.398024 1.582086 0.310940
1.570353 0.395948 1.608736 0.318278
1.644009 0.404004 1.715585 0.334554
1.729856 0.425575 1.751746 0.347323
1.551446 0.417941 1.715512 0.342814
1.734066 0.423871 1.640571 0.350450
1.712498 0.428023 1.782126 0.357132
1.797016 0.414917 1.725614 0.342380
1.582808 0.381295 1.575008 0.279086
1.417632 0.395641 1.492554 0.311380
1.845043 0.412643 1.539946 0.343907
1.527552 0.393461 1.572869 0.316314
1.514158 0.387686 1.423544 0.311768
1.413858 0.369549 1.370300 0.291319
1.610243 0.382848 1.552556 0.304720
1.448294 0.388540 1.511682 0.295300
1.595400 0.399646 1.636144 0.316634
1.992390 0.435894 1.839335 0.398150
1.618616 0.389462 1.578828 0.300924
1.561356 0.404495 1.671905 0.327289
1.570416 0.391759 1.583700 0.309566
1.812325 0.406505 1.729390 0.339561
1.633775 0.403803 1.645857 0.331037
1.540637 0.414331 1.765795 0.351698
1.593265 0.410314 1.678463 0.342570
1.507224 0.372759 1.577609 0.293725
1.720058 0.406718 1.685357 0.344285
1.639541 0.395962 1.583819 0.296693
1.562197 0.395061 1.504186 0.302856
1.593182 0.412033 1.627088 0.350073
1.511910 0.377919 1.553327 0.296343
1.563774 0.377438 1.547174 0.287946
1.561588 0.386044 1.636332 0.318605
1.759521 0.404095 1.695579 0.351987
1.530694 0.402327 1.633213 0.327524
1.616744 0.425018 1.661408 0.380536
1.532317 0.395411 1.579986 0.312767
1.684665 0.389833 1.504980 0.301955
1.483375 0.411044 1.599498 0.323238
1.575907 0.411150 1.616541 0.329595
1.579794 0.412729 1.591577 0.335068
1.646103 0.410425 1.604240 0.334114
1.450247 0.401518 1.648454 0.313544
1.627759 0.393877 1.565576 0.317873
1.446166 0.402642 1.587024 0.320720
1.514605 0.402978 1.590878 0.319722
1.523767 0.382651 1.454212 0.292521
1.512485 0.402105 1.461795 0.318525
1.663979 0.392814 1.498347 0.311567
1.427457 0.380293 1.484301 0.283365
1.601961 0.387288 1.533451 0.308729
1.419020 0.382084 1.390829 0.291699
1.600646 0.391495 1.609410 0.318530
1.388801 0.375131 1.521927 0.279906
1.580780 0.389518 1.598628 0.301916
1.670276 0.403980 1.851312 0.332301
1.574499 0.375415 1.607525 0.281974
1.476062 0.396774 1.670401 0.296650
1.563328 0.414466 1.710643 0.368371
1.747311 0.396044 1.637621 0.333503
1.584408 0.403388 1.741446 0.339903
1.526951 0.392611 1.776088 0.309885
1.463471 0.401910 1.738278 0.333684
1.690147 0.396707 1.669843 0.332377
1.824641 0.412640 1.600571 0.344935
1.860701 0.404510 1.605621 0.330276
1.597702 0.398788 1.494387 0.310821
1.745885 0.418796 1.567055 0.365169
1.788129 0.398685 1.579732 0.329158
1.700326 0.384401 1.604044 0.309478
1.435267 0.388171 1.694591 0.301497
1.666702 0.392712 1.836273 0.328850
1.620137 0.395781 1.602363 0.328788
1.438554 0.393596 1.560625 0.305915
1.431504 0.369519 1.374303 0.280977
1.547135 0.379252 1.406719 0.285589
1.431495 0.387783 1.505142 0.295549
1.446975 0.394607 1.571309 0.323775
1.436595 0.392253 1.598123 0.305047
1.418090 0.391606 1.670838 0.308883
1.418213 0.396111 1.577696 0.318273
1.506775 0.393833 1.578928 0.306624
1.335459 0.388822 1.632870 0.304240
1.461540 0.391423 1.546974 0.311330
1.453270 0.380927 1.464190 0.289912
1.506679 0.391325 1.701750 0.324254
1.809113 0.414299 1.728869 0.364692
1.475652 0.391582 1.603244 0.319418
1.606970 0.399013 1.653390 0.318342
1.579349 0.380758 1.449957 0.299185
1.599617 0.390123 1.511089 0.315004
1.559389 0.394671 1.565060 0.313795
1.443991 0.386052 1.524891 0.298057
1.765866 0.404549 1.643331 0.324689
1.579005 0.388771 1.533707 0.307962
1.457387 0.389426 1.575835 0.301768
1.482567 0.390656 1.522697 0.321493
1.704666 0.386650 1.512844 0.304963
1.448687 0.388790 1.578764 0.308048
1.537516 0.393588 1.568885 0.302721
1.599052 0.409034 1.573739 0.334875
1.682005 0.391243 1.475407 0.310269
1.724260 0.411882 1.574191 0.338451
1.795523 0.387919 1.686507 0.310967
1.637534 0.399705 1.637244 0.314481
1.741205 0.409021 1.694382 0.322908
1.760759 0.413533 1.634295 0.358189
1.796514 0.397197 1.427794 0.306842
1.620229 0.394861 1.549993 0.306589
1.709744 0.408480 1.581772 0.340799
1.607106 0.398991 1.578200 0.321112
1.558481 0.398627 1.631294 0.320491
1.544814 0.387075 1.573597 0.319293
1.517497 0.384176 1.592333 0.320483
1.454825 0.376534 1.509925 0.286578
1.444361 0.376046 1.415307 0.278843
1.413738 0.388273 1.442534 0.316795
1.412947 0.374215 1.355503 0.289443
1.390681 0.375900 1.454267 0.282037
1.399739 0.367901 1.378896 0.266643
1.290280 0.386560 1.419375 0.277712
1.544825 0.388966 1.523281 0.302206
1.564046 0.384300 1.388570 0.279133
1.651784 0.412539 1.821884 0.339682
1.702797 0.402031 1.734543 0.325025
1.755456 0.425541 1.758820 0.393906
1.731495 0.408036 1.718542 0.366160
1.518746 0.377480 1.448460 0.291683
1.521773 0.395201 1.615159 0.322378
1.611487 0.395767 1.647733 0.323803
1.517495 0.398786 1.605947 0.319829
1.700451 0.403718 1.715934 0.317379
1.580497 0.397593 1.539384 0.311065
1.446997 0.399064 1.573574 0.330181
1.484656 0.383180 1.559976 0.292326
1.624857 0.388167 1.557615 0.303726
1.613968 0.400032 1.602904 0.324258
1.725962 0.432660 1.704682 0.377052
1.708785 0.419093 1.676692 0.335589
1.765296 0.412064 1.636052 0.341448
1.711596 0.408978 1.726512 0.334448
1.703379 0.385767 1.588395 0.302249
1.734896 0.394394 1.509793 0.317413
1.769810 0.408292 1.503291 0.336593
1.672925 0.409011 1.540887 0.327619
1.579298 0.402045 1.478444 0.316162
1.716824 0.420178 1.549367 0.358242
1.600553 0.397197 1.523498 0.324103
1.589085 0.385681 1.602782 0.298320
1.539288 0.392133 1.664706 0.318645
1.560454 0.375819 1.656839 0.300058
1.375782 0.372985 1.568533 0.289830
1.497553 0.378161 1.413264 0.300309
1.420138 0.388197 1.554439 0.312578
1.359749 0.377689 1.525694 0.284621
1.407700 0.378478 1.464620 0.286016
1.549291 0.375180 1.687483 0.297879
1.307989 0.370838 1.495442 0.281666
1.391335 0.383270 1.466910 0.293254
1.506852 0.395676 1.538766 0.326196
1.639618 0.396193 1.512603 0.311007
1.699887 0.386974 1.472947 0.305318
1.530608 0.383942 1.474128 0.295180
1.586498 0.389195 1.404599 0.297535
1.526741 0.391432 1.489949 0.313834
1.551763 0.379663 1.336102 0.284108
1.538237 0.378252 1.385560 0.275764
1.473372 0.377467 1.419167 0.288565
1.454453 0.373168 1.531420 0.275021
1.430460 0.379137 1.551940 0.290694
1.495067 0.385147 1.488540 0.303776
1.386887 0.383439 1.477084 0.297247
1.610159 0.385530 1.465813 0.306177
1.732709 0.389893 1.526858 0.323187
1.396600 0.393689 1.579474 0.308196
1.654849 0.421391 1.660853 0.357840
1.772370 0.416574 1.650238 0.347539
1.670129 0.405308 1.480663 0.327430
1.647937 0.390023 1.427323 0.300142
1.835943 0.400431 1.363716 0.338387
1.659794 0.391207 1.444176 0.299554
1.645432 0.400551 1.473083 0.332356
1.671227 0.403379 1.521760 0.346751
1.758358 0.417053 1.704617 0.384135
1.611481 0.389640 1.688749 0.321826
1.671483 0.385719 1.609020 0.296287
1.652276 0.405296 1.690064 0.345366
1.575379 0.399578 1.668445 0.335553
1.617516 0.379097 1.346695 0.285190
1.532599 0.387683 1.392956 0.295387
1.490628 0.384668 1.517438 0.310128
1.541668 0.393227 1.560654 0.323103
1.456775 0.384206 1.511716 0.299591
1.378231 0.381985 1.515888 0.291372
1.554374 0.387685 1.528110 0.300672
1.330329 0.378973 1.408308 0.276993
1.422197 0.377839 1.449487 0.286516
1.566975 0.401237 1.537476 0.324242
1.695559 0.408455 1.625252 0.340074
1.682438 0.400658 1.527390 0.306298
1.688037 0.386176 1.482181 0.321196
1.649001 0.399152 1.428975 0.330290
1.506528 0.391812 1.356278 0.319592
1.513571 0.380942 1.349855 0.294566
1.608235 0.375044 1.395205 0.286089
1.350874 0.373742 1.358567 0.277617
1.430941 0.379428 1.524624 0.294633
1.515914 0.397415 1.680989 0.332588
1.646101 0.386091 1.591096 0.296440
1.434316 0.392897 1.664468 0.306091
1.759376 0.409303 1.819052 0.362871
1.681616 0.398447 1.618903 0.327721
1.573593 0.413204 1.755480 0.336357
1.611920 0.423999 1.739762 0.345667
1.749342 0.420049 1.698090 0.355084
1.680658 0.403178 1.729420 0.353776
1.606566 0.383885 1.649439 0.304990
1.577811 0.366566 1.560682 0.259709
1.500656 0.387773 1.733431 0.304765
1.572974 0.415973 1.792409 0.381668
1.445524 0.384271 1.629394 0.313596
1.650508 0.401347 1.741326 0.334708
1.681310 0.395411 1.740575 0.314667
1.779178 0.409351 1.743739 0.378081
1.659141 0.406590 1.715710 0.335828
1.666193 0.415726 1.698909 0.358249
1.752455 0.405544 1.653895 0.337399
1.579116 0.404117 1.502767 0.323993
1.552874 0.384036 1.485263 0.300789
1.528909 0.382012 1.530212 0.302802
1.491955 0.376581 1.441115 0.293351
1.474843 0.377735 1.474320 0.299060
1.580160 0.392188 1.512281 0.314054
1.359306 0.387963 1.478828 0.282331
1.511418 0.376988 1.373591 0.283141
1.463410 0.393415 1.646473 0.309385
1.717771 0.403892 1.551707 0.322479
1.579842 0.388619 1.603509 0.301661
1.466206 0.386620 1.552878 0.297148
1.652800 0.398344 1.642033 0.333814
1.501843 0.388618 1.614918 0.308666
1.388147 0.372727 1.435814 0.288612
1.643864 0.377193 1.436834 0.303160
1.491447 0.396987 1.566802 0.326716
1.460226 0.384444 1.353237 0.295869
1.308531 0.381531 1.477015 0.279013
1.635440 0.389287 1.557663 0.302617
1.505546 0.392856 1.450333 0.314343
1.648865 0.389606 1.451232 0.303288
1.573704 0.391573 1.551307 0.299969
1.516434 0.402801 1.580365 0.320922
1.526991 0.405700 1.539243 0.330499
1.653657 0.398744 1.620390 0.327693
1.540823 0.388491 1.438004 0.301840
1.719380 0.409443 1.556239 0.342496
1.645156 0.385549 1.551001 0.301455
1.400988 0.400595 1.663671 0.317799
1.452810 0.392216 1.660867 0.312897
1.616128 0.392737 1.578002 0.321211
1.562390 0.382791 1.447418 0.289762
1.730581 0.391678 1.509714 0.302941
1.633022 0.390161 1.651790 0.304392
1.623227 0.401667 1.605715 0.316429
1.657344 0.419365 1.776815 0.363338
1.762225 0.419006 1.668299 0.357773
1.647590 0.396547 1.569024 0.324261
1.490456 0.392987 1.539681 0.315626
1.478628 0.372533 1.336661 0.276028
1.552232 0.390049 1.447383 0.311285
1.469411 0.372927 1.377094 0.283152
1.426784 0.383678 1.498420 0.290173
1.356410 0.386180 1.446124 0.293490
1.454709 0.379815 1.445100 0.294478
1.502764 0.407697 1.510230 0.338720
1.496347 0.385950 1.457115 0.301510
1.679302 0.394857 1.873202 0.312393
1.643972 0.399046 1.783655 0.330884
1.585827 0.395821 1.896796 0.321511
1.431985 0.385108 1.656842 0.314699
1.417248 0.373391 1.487193 0.271946
1.594836 0.393504 1.530844 0.326128
1.456183 0.389173 1.568726 0.319130
1.469107 0.392073 1.555329 0.295874
1.479958 0.387740 1.603867 0.301619
1.661140 0.404837 1.705547 0.351460
1.619231 0.394858 1.616966 0.316038
1.595312 0.381349 1.553653 0.301078
1.635721 0.396354 1.494156 0.317767
1.434362 0.390730 1.451368 0.302044
1.441800 0.375327 1.387530 0.290800
1.559585 0.389334 1.512133 0.315894
1.494296 0.374266 1.553221 0.294472
1.597709 0.392250 1.761311 0.323095
1.700834 0.402465 1.669782 0.321116
1.560436 0.401172 1.755336 0.336952
1.491802 0.405984 1.544543 0.320933
1.657970 0.393559 1.497180 0.303154
1.653379 0.397116 1.444927 0.323461
1.727957 0.388247 1.455615 0.297057
1.589866 0.395491 1.439976 0.307762
1.741621 0.422759 1.725254 0.346905
1.714271 0.422405 1.859193 0.338336
1.771281 0.417657 1.856519 0.347888
1.573448 0.405836 1.708293 0.324586
1.579649 0.397824 1.609659 0.302578
1.545833 0.379968 1.617488 0.313281
1.606507 0.390380 1.717116 0.313932
1.605365 0.391368 1.842363 0.313639
1.643940 0.410853 1.808379 0.359669
1.563268 0.411431 1.685302 0.341435
1.621928 0.410349 1.598666 0.348140
1.676907 0.413563 1.606132 0.349909
1.552332 0.391310 1.521638 0.305628
1.593892 0.396302 1.463764 0.315179
1.702580 0.398632 1.423705 0.313760
1.416756 0.386646 1.321968 0.293897
1.362113 0.375250 1.326546 0.281091
1.446803 0.374371 1.363192 0.285473
1.512213 0.369320 1.414144 0.272826
1.497852 0.373395 1.388468 0.278997
1.514077 0.382188 1.483036 0.294117
1.560854 0.394511 1.498891 0.311793
1.615429 0.389953 1.473059 0.302134
1.800189 0.424804 1.627948 0.353068
1.755892 0.414640 1.670643 0.353989
1.679768 0.406305 1.621081 0.343993
1.512904 0.404498 1.591753 0.313685
1.652852 0.394519 1.630106 0.346038
1.569037 0.386125 1.580552 0.318008
1.556747 0.388801 1.584881 0.318816
1.703192 0.406498 1.673543 0.336932
1.749937 0.418304 1.699090 0.362899
1.538221 0.402648 1.646879 0.316972
1.587557 0.421890 1.743836 0.350064
1.803882 0.395909 1.548050 0.330157
1.713974 0.415792 1.729099 0.378019
1.732465 0.385986 1.652819 0.308570
1.538238 0.404679 1.823106 0.328716
1.791129 0.425464 1.810732 0.349276
1.731322 0.431323 1.681550 0.378934
1.605144 0.411293 1.610668 0.325524
1.476685 0.388556 1.493063 0.295880
1.412284 0.396634 1.539687 0.295074
1.503842 0.385150 1.550538 0.311889
1.455404 0.382664 1.561695 0.287064
1.541816 0.381928 1.538721 0.291684
1.456960 0.388119 1.535364 0.299247
1.508257 0.399397 1.531417 0.318513
1.632833 0.393504 1.491795 0.317878
1.532799 0.394021 1.505269 0.316061
1.413518 0.387635 1.645447 0.303618
1.563679 0.391339 1.523864 0.304372
1.566895 0.374570 1.520969 0.275757
1.404521 0.371981 1.415825 0.287843
1.290431 0.367253 1.411742 0.280201
1.375948 0.373822 1.446553 0.282799
1.425323 0.374532 1.348017 0.291569
1.486065 0.372317 1.365023 0.276002
1.519117 0.387662 1.533876 0.320050
1.539332 0.397422 1.506814 0.321483
1.546080 0.386590 1.560964 0.316993
1.736830 0.405542 1.698132 0.329375
1.531707 0.404675 1.600213 0.325585
1.607117 0.399119 1.493567 0.302151
1.436388 0.388512 1.494078 0.292405
1.546875 0.378303 1.466334 0.301803
1.489828 0.383668 1.426165 0.291221
1.569001 0.382342 1.461338 0.295000
1.672904 0.387274 1.551486 0.303019
1.863125 0.408845 1.452705 0.332898
1.787414 0.413648 1.695368 0.354680
1.635398 0.424743 1.629408 0.378031
1.897305 0.400878 1.684720 0.355060
1.586433 0.392306 1.628642 0.326267
1.672997 0.391446 1.621016 0.327933
1.539580 0.422705 1.811535 0.382933
1.677878 0.419607 1.982179 0.365445
1.724351 0.428783 1.950447 0.349565
1.605030 0.418672 1.865199 0.337481
1.541556 0.410211 1.637939 0.332282
1.468804 0.405252 1.675432 0.330002
1.711182 0.387994 1.535567 0.318701
1.531019 0.386927 1.558662 0.290117
1.636129 0.400448 1.489173 0.316913
1.480143 0.394891 1.587661 0.322099
1.595735 0.394888 1.533385 0.326476
1.591487 0.395953 1.625929 0.313549
1.621148 0.407012 1.624315 0.338699
1.562527 0.390538 1.519092 0.316982
1.496632 0.383910 1.490792 0.293752
1.610117 0.397996 1.476759 0.310032
1.559598 0.390161 1.513829 0.318422
1.243833 0.362587 1.419658 0.248512
1.319425 0.368601 1.527331 0.272750
1.287447 0.378441 1.531526 0.274354
1.516776 0.383140 1.541298 0.310569
1.425937 0.384799 1.538931 0.293430
1.644134 0.383217 1.491986 0.291550
1.524459 0.385734 1.584207 0.299603
1.770023 0.405725 1.598736 0.333030
1.738987 0.403967 1.592071 0.321496
1.789544 0.403432 1.704512 0.343564
1.524134 0.394922 1.659732 0.313555
1.616576 0.400370 1.777564 0.324013
1.622902 0.413362 1.891811 0.352759
1.695738 0.416466 1.840867 0.356558
1.787125 0.427747 1.769770 0.377433
1.877121 0.395109 1.628718 0.324613
1.637283 0.393889 1.723945 0.316552
1.517074 0.397371 1.597579 0.310253
1.678142 0.393224 1.550699 0.311444
1.606968 0.388653 1.453890 0.328012
1.496837 0.394904 1.614997 0.318687
1.512530 0.398911 1.610680 0.319347
1.533948 0.395137 1.605129 0.299887
1.709878 0.414797 1.769904 0.336214
1.452284 0.405427 1.619458 0.324549
1.497540 0.406590 1.604519 0.337410
1.525037 0.411816 1.658280 0.326542
1.789176 0.396210 1.659694 0.305353
1.510200 0.399359 1.550757 0.313217
1.590963 0.386390 1.414227 0.313885
1.478092 0.382046 1.458288 0.297537
1.592293 0.382574 1.450875 0.298739
1.591596 0.394733 1.464973 0.317530
1.604225 0.408469 1.505345 0.343768
1.561420 0.381908 1.448376 0.283446
1.451533 0.382514 1.517059 0.297649
1.602639 0.399875 1.607817 0.340102
1.648954 0.379763 1.621038 0.311943
1.336504 0.369063 1.574905 0.295799
1.406881 0.379738 1.458527 0.303517
1.484838 0.384493 1.421763 0.294172
1.517223 0.389423 1.491679 0.324312
1.410659 0.378681 1.481270 0.284700
1.615243 0.392549 1.514891 0.303747
1.595706 0.401833 1.618154 0.334934
1.731498 0.414817 1.673167 0.365770
1.629169 0.384047 1.491712 0.294886
1.890881 0.386069 1.660371 0.318132
1.729678 0.428313 1.720592 0.396959
1.550487 0.397227 1.608447 0.319042
1.759439 0.423194 1.776316 0.368011
1.674171 0.405542 1.619720 0.342003
1.870302 0.427874 1.801538 0.397776
1.755606 0.381029 1.668390 0.299987
1.666892 0.394766 1.547985 0.327494
1.550847 0.388310 1.530464 0.310073
1.737583 0.403074 1.551643 0.342640
1.468625 0.389631 1.481283 0.297895
1.428479 0.389766 1.445492 0.296786
1.493590 0.386923 1.417235 0.291705
1.454363 0.383891 1.510546 0.296285
1.497473 0.390238 1.578058 0.307638
1.423259 0.392828 1.641849 0.301637
1.502865 0.397405 1.619131 0.311543
1.517308 0.405398 1.683604 0.318871
1.733157 0.407581 1.685722 0.324777
1.463754 0.398850 1.610774 0.332064
1.530943 0.381000 1.596408 0.310798
1.474574 0.384473 1.579117 0.307996
1.489581 0.388360 1.799124 0.292743
1.549471 0.392873 1.771235 0.330899
1.507021 0.395477 1.567144 0.318914
1.583698 0.398738 1.668650 0.326691
1.374264 0.367499 1.354863 0.271724
1.393778 0.380636 1.443837 0.291053
1.459644 0.371856 1.323512 0.268747
1.374897 0.367764 1.384799 0.275150
1.341982 0.379355 1.431624 0.286651
1.328794 0.373746 1.374475 0.284362
1.484424 0.377422 1.441357 0.297823
1.477883 0.377159 1.457865 0.290231
1.592747 0.389049 1.564823 0.311825
1.461132 0.383634 1.525850 0.292666
1.563523 0.410575 1.609426 0.347214
1.557151 0.391077 1.586064 0.304452
1.754808 0.394352 1.558446 0.323542
1.708862 0.382662 1.510750 0.292914
1.529146 0.413782 1.754602 0.346102
1.824347 0.418820 1.641403 0.351284
1.712595 0.405272 1.582326 0.325944
1.703485 0.398394 1.752407 0.318651
1.587578 0.397130 1.629237 0.337216
1.739967 0.389238 1.683958 0.308724
1.663024 0.403742 1.690551 0.344702
1.679360 0.413144 1.606492 0.346135
1.496624 0.416057 1.755847 0.362233
1.525128 0.404393 1.669634 0.307241
1.575370 0.387680 1.642253 0.302486
1.426847 0.385913 1.552944 0.300508
1.452529 0.382365 1.443401 0.307915
1.341031 0.377945 1.350602 0.272622
1.437115 0.378211 1.478209 0.287427
1.561267 0.399939 1.659494 0.325871
1.603633 0.401737 1.664560 0.327884
1.420647 0.383023 1.717533 0.301482
1.499813 0.378260 1.698135 0.307378
1.523070 0.374620 1.483952 0.288910
1.415177 0.375527 1.515185 0.291298
1.361193 0.377177 1.466160 0.284618
1.433438 0.370892 1.411130 0.284357
1.588653 0.392933 1.702620 0.320921
1.322263 0.369197 1.464928 0.283062
1.495706 0.390619 1.577426 0.306216
1.572012 0.385414 1.536471 0.296166
1.529789 0.391311 1.413800 0.299382
1.467969 0.388515 1.430215 0.311226
1.371681 0.367616 1.312764 0.276639
1.504646 0.369419 1.366457 0.281569
1.495936 0.376150 1.408304 0.290180
1.660376 0.389936 1.526188 0.324284
1.617323 0.394660 1.472326 0.304195
1.629328 0.406382 1.501662 0.327888
1.470680 0.389110 1.496107 0.299106
1.733250 0.395449 1.445048 0.333904
1.884044 0.400572 1.546601 0.333325
1.549474 0.417892 1.761253 0.328690
1.755602 0.425705 1.784454 0.349260
1.680817 0.412085 1.767263 0.337804
1.771508 0.423010 1.760155 0.379043
1.475750 0.390672 1.560288 0.316541
1.692423 0.389129 1.647277 0.315167
1.688505 0.406488 1.728696 0.348523
1.631525 0.412597 1.764913 0.330290
1.619686 0.417976 1.708624 0.363601
1.523057 0.412759 1.666612 0.350320
1.528276 0.406100 1.667008 0.341007
1.436582 0.387106 1.622029 0.322525
1.490459 0.380076 1.512032 0.294131
1.450687 0.369260 1.571831 0.288277
1.563521 0.393579 1.669972 0.338242
1.578331 0.403261 1.601452 0.333080
1.525311 0.403070 1.662918 0.337617
1.493100 0.391996 1.630437 0.319577
1.597428 0.379922 1.490219 0.299755
1.622557 0.381219 1.825920 0.311343
1.289432 0.375009 1.711225 0.297011
1.447196 0.375432 1.597457 0.292075
1.455625 0.390340 1.644403 0.312606
1.740664 0.402320 1.684981 0.353424
1.309917 0.371824 1.446327 0.277056
1.558811 0.406846 1.617317 0.338276
1.491491 0.405988 1.590003 0.344988
1.601096 0.388036 1.599471 0.298942
1.468000 0.382743 1.581411 0.295722
1.383209 0.368160 1.472627 0.275680
1.530070 0.368398 1.479983 0.281047
1.339936 0.363101 1.318154 0.262504
1.543156 0.369630 1.298715 0.278823
1.619166 0.377974 1.278479 0.284864
1.656850 0.404242 1.512544 0.326323
1.382416 0.391433 1.495060 0.290666
1.741787 0.405719 1.616048 0.319295
2.099534 0.420088 1.830196 0.374060
1.556133 0.420915 1.936391 0.348223
1.728820 0.416960 1.977817 0.362188
1.825057 0.432404 2.039397 0.408172
1.854136 0.415993 1.949023 0.367310
1.571600 0.408095 1.653928 0.340320
1.662771 0.401007 1.559891 0.318660
1.492025 0.388383 1.399742 0.300897
1.653987 0.396178 1.421156 0.309588
1.467631 0.385687 1.483899 0.294180
1.421662 0.396585 1.565205 0.303489
1.355838 0.387928 1.545720 0.306962
1.447855 0.377982 1.516413 0.281826
1.336392 0.366803 1.370685 0.279851
1.379956 0.373900 1.465696 0.279297
1.443165 0.381581 1.478135 0.294884
1.553757 0.387487 1.502057 0.301197
1.416260 0.390288 1.623971 0.294695
1.513534 0.383181 1.495450 0.292071
1.534258 0.382048 1.389280 0.287621
1.606179 0.384513 1.505855 0.299595
1.447853 0.382919 1.349562 0.284403
1.369410 0.383193 1.363330 0.292297
1.452012 0.392692 1.446869 0.300993
1.615521 0.395414 1.524270 0.311355
1.318412 0.369761 1.324275 0.273686
1.492945 0.394968 1.453667 0.306722
1.464535 0.404887 1.637079 0.321842
1.541156 0.404806 1.619730 0.331876
1.561315 0.393915 1.604556 0.330041
1.429729 0.371833 1.550374 0.290090
1.478827 0.371664 1.514836 0.277367
1.408897 0.373001 1.565018 0.292342
1.524052 0.372111 1.562485 0.291141
1.671169 0.381956 1.559704 0.298922
1.566815 0.380651 1.700614 0.300352
1.395092 0.386076 1.500471 0.284625
1.692180 0.401664 1.626053 0.332629
2.072191 0.409078 1.674844 0.362814
1.481819 0.404738 1.647489 0.320819
1.593959 0.407664 1.633873 0.338330
1.696406 0.404881 1.649510 0.320925
1.749182 0.429431 1.702438 0.381451
1.672010 0.407379 1.523718 0.328070
1.612033 0.404349 1.705619 0.337555
1.392435 0.392688 1.602729 0.304922
1.560268 0.386436 1.587544 0.312160
1.531124 0.381752 1.513992 0.307599
1.477923 0.388176 1.587331 0.313908
1.460229 0.379161 1.458194 0.287670
1.457214 0.373261 1.453346 0.280716
1.391836 0.375948 1.566169 0.284083
1.410284 0.385292 1.576330 0.305748
1.529002 0.391744 1.683681 0.309756
1.475431 0.378421 1.680161 0.285984
1.488128 0.390420 1.525586 0.309440
1.606860 0.402680 1.539577 0.350089
1.576781 0.402321 1.581147 0.324463
1.621402 0.405217 1.597958 0.332087
1.547309 0.398407 1.641266 0.309219
1.468360 0.393738 1.589776 0.324391
1.589152 0.396211 1.563956 0.315476
1.656373 0.395188 1.557849 0.309269
1.490396 0.400195 1.595138 0.317319
1.689351 0.422390 1.690381 0.345541
1.661975 0.430501 1.761100 0.375115
1.634554 0.418236 1.684594 0.345961
1.787259 0.424276 1.776253 0.374006
1.588670 0.401961 1.635208 0.327095
1.534307 0.391720 1.628363 0.322384
1.441128 0.390172 1.697455 0.306974
1.716537 0.389704 1.571613 0.326072
1.763215 0.375322 1.596550 0.317093
1.583244 0.406477 1.668377 0.342137
1.436412 0.400854 1.610101 0.319140
1.618751 0.399463 1.587201 0.319030
2.029396 0.398906 1.636834 0.338336
1.502642 0.398776 1.605098 0.315670
1.362079 0.388301 1.530161 0.305350
1.587467 0.402976 1.513393 0.321990
1.615547 0.405685 1.707389 0.339421
1.598318 0.391255 1.569171 0.296033
1.587488 0.403825 1.655359 0.330120
1.370910 0.394744 1.746794 0.324640
1.596588 0.382641 1.569473 0.319475
1.557499 0.380485 1.638201 0.295869
1.362776 0.383322 1.769350 0.284095
1.625435 0.402297 1.701721 0.313331
1.548855 0.406968 1.782688 0.342094
1.542524 0.398534 1.602093 0.319710
1.577432 0.405519 1.499359 0.302634
1.897370 0.404891 1.592393 0.323387
1.409633 0.378074 1.460213 0.299525
1.463374 0.384077 1.458928 0.296678
1.541830 0.378441 1.557292 0.297058
1.663301 0.400079 1.681956 0.331154
1.445894 0.392682 1.606771 0.303676
1.523799 0.400508 1.532989 0.319986
1.396152 0.376197 1.411532 0.285742
1.566683 0.397868 1.470202 0.311155
1.696462 0.395908 1.589642 0.347940
1.583816 0.399052 1.557070 0.310755
1.717380 0.410997 1.586830 0.348803
1.544687 0.414307 1.532745 0.322300
1.509531 0.403278 1.472808 0.300360
1.723700 0.407968 1.518842 0.336063
1.594386 0.407660 1.595412 0.329815
1.604947 0.389029 1.483199 0.295146
1.446888 0.392575 1.544829 0.305305
1.647006 0.387413 1.531899 0.307720
1.725497 0.391311 1.579608 0.330035
1.612433 0.404028 1.667354 0.342578
1.337864 0.387131 1.524473 0.290539
1.501069 0.397948 1.607689 0.311199
1.878868 0.418301 1.653207 0.387040
1.391261 0.380194 1.484771 0.292157
1.313566 0.374304 1.501999 0.282368
1.613330 0.392549 1.611465 0.326486
1.495141 0.403849 1.680023 0.328438
1.662607 0.409238 1.789894 0.344832
1.508990 0.405944 1.777137 0.321058
1.328377 0.385376 1.682240 0.299531
1.459253 0.379038 1.490660 0.291239
1.542217 0.378723 1.507800 0.298517
1.332446 0.381036 1.505256 0.304655
1.672339 0.402677 1.721024 0.334921
1.638409 0.414658 1.770353 0.340029
1.445262 0.408841 1.699822 0.331393
1.659535 0.419205 1.662217 0.346532
1.919236 0.390106 1.676883 0.311679
1.500588 0.383257 1.587949 0.299971
1.478616 0.389085 1.662608 0.333151
1.621817 0.386378 1.688397 0.332785
1.623707 0.393485 1.757350 0.316341
1.572273 0.403169 1.882454 0.348821
1.696370 0.427761 1.926063 0.389128
1.567099 0.398738 1.592180 0.334914
1.568170 0.383249 1.648267 0.306477
1.586370 0.395090 1.709593 0.327860
1.614790 0.389643 1.528509 0.320616
1.870719 0.415786 1.608207 0.366651
1.482346 0.396901 1.557995 0.309603
1.645348 0.411278 1.605710 0.333685
1.655552 0.400543 1.494097 0.307109
1.802869 0.426719 1.723688 0.364355
1.613694 0.405801 1.588346 0.327599
1.679404 0.412638 1.692778 0.342601
1.664049 0.406464 1.759106 0.330267
1.734549 0.403303 1.553238 0.335938
1.586454 0.397297 1.741541 0.308915
1.523764 0.400393 1.621032 0.312681
1.471278 0.394868 1.457122 0.311291
1.636845 0.393610 1.555764 0.317000
1.446954 0.389571 1.606779 0.320599
1.297305 0.363504 1.615988 0.277400
1.455569 0.377536 1.815848 0.285541
1.425991 0.393989 1.695289 0.329254
1.512255 0.385181 1.582346 0.314213
1.412490 0.397395 1.609290 0.317562
1.467640 0.377012 1.432266 0.284706
1.371856 0.370247 1.518362 0.279891
1.502868 0.371734 1.472414 0.287737
1.474616 0.384533 1.515183 0.290915
1.568552 0.394182 1.497694 0.316215
1.550116 0.404681 1.423581 0.306166
1.475500 0.403648 1.475844 0.317681
1.603174 0.401147 1.486669 0.316482
1.892132 0.380270 1.503910 0.295412
1.560091 0.407064 1.593813 0.334859
1.514258 0.384436 1.646879 0.316457
1.550510 0.384045 1.574021 0.294473
1.746803 0.408024 1.696091 0.342621
1.425786 0.395316 1.611277 0.309865
1.625548 0.413366 1.496135 0.344092
1.461197 0.390368 1.423841 0.297999
1.512321 0.390927 1.471980 0.305983
1.499636 0.389178 1.542619 0.308205
1.503160 0.375424 1.417755 0.273829
1.598484 0.385412 1.456796 0.299180
1.382337 0.379255 1.466280 0.283827
1.499672 0.381882 1.445025 0.294821
1.593615 0.387064 1.570231 0.304325
1.717325 0.408057 1.734016 0.322263
1.696133 0.412755 1.653899 0.327769
1.823247 0.427111 1.748004 0.367807
1.670291 0.425247 1.691445 0.362715
1.621932 0.401783 1.540644 0.310071
1.654970 0.415478 1.555466 0.339528
1.607481 0.408210 1.528150 0.334437
1.598668 0.407386 1.616382 0.328180
1.599225 0.400039 1.582305 0.319958
1.654686 0.399392 1.677837 0.336636
1.419841 0.384937 1.589529 0.292811
1.663881 0.406441 1.689774 0.341545
1.564492 0.394844 1.726245 0.314664
1.579532 0.403613 1.611545 0.339303
1.494723 0.416428 1.755191 0.337229
1.537095 0.395129 1.684056 0.316216
1.440812 0.373727 1.574874 0.287195
1.503327 0.388450 1.545744 0.317357
1.597250 0.382322 1.406859 0.290962
1.503200 0.394405 1.559005 0.305633
1.596395 0.403128 1.624566 0.314984
1.533505 0.411347 1.573163 0.333183
1.611179 0.396021 1.497909 0.307802
1.811378 0.400796 1.441992 0.326404
1.556159 0.389342 1.508505 0.298777
1.502761 0.388613 1.424769 0.300983
1.671534 0.403938 1.490317 0.331306
1.548648 0.396483 1.735026 0.329274
1.456761 0.391670 1.571240 0.326384
1.744096 0.394967 1.637105 0.322745
1.500809 0.396437 1.649170 0.325353
1.524828 0.403549 1.654142 0.335287
1.403968 0.396428 1.598531 0.313280
1.558351 0.396802 1.577004 0.327770
1.489705 0.379639 1.670429 0.286635
1.365052 0.377014 1.710654 0.314700
1.529466 0.393502 1.660907 0.319005
1.607405 0.401212 1.713011 0.366279
1.535115 0.392920 1.639316 0.302522
1.713577 0.407337 1.644732 0.333266
1.786130 0.405930 1.759399 0.322760
1.603043 0.426372 1.765312 0.366364
1.550575 0.393473 1.550405 0.297199
1.674126 0.400390 1.735308 0.329114
1.562798 0.394053 1.661663 0.317639
1.581050 0.408508 1.616215 0.341230
1.641630 0.413889 1.632061 0.327153
1.757930 0.427177 1.767068 0.358914
1.631705 0.418591 1.672817 0.342978
1.751108 0.411549 1.615884 0.331633
1.713854 0.416907 1.657686 0.351523
1.676452 0.407175 1.598440 0.316923
1.604294 0.410931 1.610175 0.330288
1.598461 0.405511 1.599530 0.333794
1.425754 0.386039 1.477030 0.315908
1.554553 0.384602 1.529829 0.303826
1.689327 0.384282 1.611034 0.306692
1.306309 0.383221 1.625366 0.301356
1.586126 0.394485 1.691929 0.321475
1.508385 0.397296 1.669306 0.328534
1.544623 0.387070 1.517160 0.316904
1.562684 0.386145 1.547980 0.300832
1.622154 0.387751 1.670337 0.305103
1.502035 0.399766 1.571388 0.322024
1.551274 0.410175 1.746802 0.343093
1.513489 0.402852 1.739357 0.331997
1.580662 0.389066 1.686201 0.303682
1.749317 0.404227 1.700281 0.338097
1.691431 0.409917 1.647628 0.342801
1.488830 0.409924 1.559404 0.328152
1.484535 0.413083 1.534011 0.334291
1.428421 0.378424 1.436052 0.291378
1.618999 0.383843 1.439917 0.311994
1.442249 0.382049 1.468222 0.293217
1.495234 0.389052 1.540585 0.316406
1.528322 0.387851 1.671174 0.308105
1.729419 0.400044 1.801824 0.337997
1.752877 0.413042 1.711132 0.344661
1.725370 0.408879 1.778326 0.318960
1.631458 0.426739 1.661066 0.351073
1.607634 0.405195 1.603661 0.342417
1.561557 0.402513 1.759646 0.326889
1.560059 0.385523 1.723573 0.306221
1.650788 0.398194 1.731815 0.320974
1.698704 0.421159 1.686094 0.350551
1.756494 0.431387 1.677828 0.359324
1.575760 0.412808 1.473567 0.332675
1.774426 0.411479 1.694636 0.337987
1.594274 0.410639 1.699361 0.326261
1.764856 0.408473 1.780515 0.335767
1.728556 0.411408 1.832746 0.331184
1.667880 0.424019 1.715949 0.356465
1.447476 0.386781 1.539588 0.298964
1.437812 0.374050 1.346238 0.296568
1.599271 0.373588 1.317841 0.285331
1.295607 0.380216 1.497123 0.298913
1.441710 0.372985 1.535532 0.284705
1.528426 0.380675 1.609616 0.280868
1.582386 0.393253 1.622020 0.323705
1.571636 0.397022 1.560403 0.329724
1.639871 0.403622 1.499549 0.332387
1.701841 0.402585 1.616479 0.331624
1.559583 0.418048 1.715742 0.366417
1.552284 0.400560 1.741327 0.313719
1.592990 0.406873 1.730009 0.326073
1.749027 0.406606 1.691171 0.352364
1.716764 0.405281 1.779025 0.345592
1.548651 0.399594 1.623303 0.318533
1.495223 0.413756 1.721487 0.332601
1.419601 0.372295 1.459330 0.284754
1.425219 0.367772 1.387293 0.280740
1.354790 0.370279 1.309087 0.271190
1.476658 0.388186 1.401797 0.291585
1.480575 0.390021 1.434854 0.296967
1.662810 0.399454 1.626465 0.320425
1.614063 0.399905 1.663465 0.304102
1.540288 0.407644 1.746672 0.325987
1.681503 0.413233 1.961450 0.339540
1.531105 0.413818 1.972224 0.356421
1.508641 0.396891 1.828573 0.316098
1.481004 0.389268 1.797204 0.311750
1.677896 0.409146 1.726607 0.329994
1.672548 0.416051 1.744476 0.347229
1.733818 0.431432 1.745062 0.349879
1.707291 0.434235 1.854720 0.350690
1.929851 0.424835 1.715115 0.365769
1.717464 0.430710 1.751026 0.373167
1.744961 0.414010 1.629455 0.344935
1.681694 0.423748 1.632263 0.354332
1.543314 0.403651 1.554591 0.309776
1.476353 0.394757 1.659246 0.319388
1.477829 0.379533 1.561288 0.293090
1.525019 0.366079 1.490619 0.297975
1.352161 0.367796 1.428450 0.277094
1.346413 0.361689 1.278260 0.275195
1.592564 0.377600 1.389005 0.283910
1.430625 0.386356 1.448588 0.298185
1.475694 0.386433 1.380756 0.282060
1.591443 0.397240 1.613037 0.327959
1.699298 0.399272 1.624870 0.335167
1.513577 0.397817 1.546397 0.301918
1.526748 0.403997 1.765611 0.324424
1.600765 0.411842 1.754181 0.349466
1.685394 0.402219 1.602879 0.339812
1.586521 0.394326 1.577837 0.308102
1.423071 0.379299 1.459176 0.296732
1.438451 0.394405 1.546785 0.306525
1.577875 0.391597 1.560597 0.328867
1.517670 0.374361 1.507270 0.285737
1.475777 0.388778 1.570721 0.306563
1.455659 0.403339 1.609898 0.329799
1.852940 0.410505 1.716356 0.349131
1.537514 0.390522 1.522026 0.301173
1.563865 0.383253 1.466241 0.287863
1.332514 0.388250 1.534576 0.293820
1.527482 0.389451 1.419890 0.299069
1.516556 0.403634 1.476926 0.306536
1.568303 0.399621 1.525018 0.323756
1.483121 0.393229 1.517416 0.301695
1.676617 0.413193 1.704847 0.356514
1.690370 0.399712 1.716531 0.329958
1.640021 0.426532 1.841771 0.361621
1.674840 0.413503 1.768953 0.334878
1.823858 0.413142 1.729356 0.353650
1.660009 0.417161 1.802458 0.340850
1.782974 0.418206 1.776090 0.363933
1.469767 0.405422 1.713079 0.319721
1.502069 0.410539 1.671228 0.335781
1.389226 0.383145 1.466929 0.309295
1.485044 0.376845 1.450135 0.304066
1.305603 0.364081 1.313588 0.254980
1.310053 0.369888 1.378175 0.284177
1.429480 0.368887 1.513324 0.281982
1.761299 0.401069 1.701009 0.325863
1.487840 0.415835 1.771236 0.334907
1.630222 0.414433 1.663901 0.340794
1.596225 0.410606 1.580094 0.334420
1.790926 0.400222 1.596797 0.338305
1.465983 0.388147 1.512147 0.302887
1.414678 0.391497 1.556968 0.288725
1.391591 0.388618 1.579077 0.294669
1.463125 0.376519 1.445724 0.281758
1.607095 0.382125 1.526970 0.290712
1.381056 0.379816 1.601914 0.299787
1.390502 0.381538 1.491239 0.283698
1.430212 0.385000 1.360312 0.309550
1.551822 0.372233 1.415207 0.282861
1.533497 0.399837 1.517899 0.310754
1.435723 0.394585 1.476924 0.297075
1.854822 0.409063 1.528362 0.343937
1.568143 0.393780 1.443324 0.299491
1.541917 0.384399 1.480840 0.291765
1.392448 0.390768 1.408472 0.304566
1.627538 0.400685 1.567059 0.328050
1.549589 0.398217 1.653988 0.309806
1.567473 0.400188 1.589133 0.312361
1.592311 0.397795 1.575781 0.316937
1.517516 0.402912 1.528855 0.319616
1.562084 0.386515 1.470403 0.289738
1.616455 0.396154 1.694374 0.326424
1.582419 0.398197 1.703841 0.324072
1.531287 0.388353 1.538787 0.297506
1.558169 0.393920 1.556087 0.309499
1.591631 0.394609 1.529428 0.302169
1.424514 0.386323 1.404002 0.284060
1.393923 0.383013 1.430177 0.280750
1.393338 0.383666 1.466719 0.303562
1.302796 0.366564 1.340940 0.262633
1.489082 0.376730 1.441894 0.294720
1.483142 0.389847 1.585996 0.314961
1.532272 0.385692 1.503740 0.301480
1.736953 0.435401 1.748009 0.366667
1.658125 0.422109 1.737905 0.342833
1.655600 0.417844 1.630918 0.359321
1.611502 0.408560 1.654156 0.320325
1.792308 0.421565 1.867250 0.376849
1.684728 0.414906 1.774540 0.360544
1.518511 0.405240 1.773833 0.337875
1.388779 0.391060 1.777516 0.306173
1.585998 0.390097 1.697916 0.319496
1.509682 0.393317 1.573213 0.315716
1.420701 0.385093 1.538601 0.323108
1.414895 0.380330 1.462978 0.294769
1.391860 0.384515 1.585250 0.293021
1.494065 0.396480 1.659511 0.333865
1.468015 0.397460 1.713613 0.299658
1.479895 0.392721 1.583291 0.301771
1.768710 0.396190 1.684334 0.318508
1.434766 0.385304 1.549518 0.297255
1.479572 0.381277 1.524986 0.291829
1.320225 0.384307 1.513113 0.294945
1.518857 0.382224 1.533809 0.290938
1.550612 0.397109 1.501534 0.312953
1.708211 0.391958 1.447171 0.313074
1.607436 0.400735 1.593995 0.313199
1.586181 0.407748 1.567726 0.317496
1.732868 0.397887 1.643245 0.318554
1.779505 0.415535 1.810552 0.358757
1.755394 0.412148 1.697080 0.347784
1.689725 0.410268 1.710229 0.359191
1.687695 0.406386 1.709508 0.313786
1.649384 0.408401 1.692474 0.336048
1.393977 0.387451 1.558749 0.295744
1.446695 0.397188 1.579934 0.313326
1.532357 0.380922 1.589584 0.314836
1.407361 0.387186 1.537404 0.321397
1.420164 0.377692 1.524524 0.284539
1.541235 0.391933 1.543413 0.298333
1.701062 0.423841 1.622922 0.367262
1.746458 0.436497 1.781956 0.359878
1.804021 0.428152 1.723309 0.351238
1.786867 0.426537 1.771608 0.350569
1.724233 0.435800 1.809969 0.377448
1.649092 0.406485 1.598325 0.339097
1.547709 0.403888 1.633302 0.328452
1.417027 0.380116 1.544565 0.285772
1.353538 0.376024 1.427807 0.281482
1.660231 0.388164 1.523151 0.326732
1.306292 0.377422 1.526599 0.285646
1.482321 0.384224 1.581116 0.298228
1.497507 0.379817 1.577503 0.296195
1.509760 0.382754 1.512808 0.303063
1.491772 0.395322 1.569045 0.304507
1.735190 0.419518 1.636980 0.347490
1.595181 0.411783 1.628263 0.338798
1.768921 0.414840 1.672390 0.346019
1.481317 0.392731 1.700913 0.311436
1.551895 0.388819 1.629852 0.313279
1.420788 0.384126 1.575314 0.302119
1.512134 0.386526 1.594496 0.315078
1.635170 0.395573 1.686790 0.329914
1.694782 0.387636 1.640165 0.310032
1.649254 0.397566 1.719576 0.313765
1.558242 0.406848 1.708043 0.337541
1.636795 0.410554 1.713813 0.336184
1.808255 0.430563 1.758205 0.375516
1.652474 0.408292 1.659872 0.336773
1.570620 0.387622 1.507788 0.313584
1.674637 0.402328 1.605104 0.321268
1.798612 0.416476 1.736809 0.362550
1.428771 0.399078 1.633808 0.333220
1.483625 0.404892 1.569549 0.328122
1.615260 0.388813 1.647867 0.312641
1.420714 0.391169 1.547725 0.294745
1.500013 0.391040 1.525728 0.297999
1.593340 0.408380 1.616364 0.337742
1.680109 0.406735 1.591370 0.329211
1.621987 0.421077 1.603838 0.334667
1.646602 0.411610 1.575509 0.337373
1.710138 0.420403 1.568153 0.349471
1.646251 0.410125 1.519839 0.326852
1.486143 0.396723 1.469063 0.300209
1.471410 0.401851 1.514224 0.315101
1.493143 0.378752 1.525151 0.283499
1.360871 0.378654 1.634421 0.297585
1.626367 0.381577 1.715415 0.289453
1.490732 0.392014 1.727077 0.322755
1.646239 0.403491 1.639580 0.324186
1.586793 0.406796 1.693869 0.356059
1.425268 0.385631 1.503711 0.292388
1.537117 0.399369 1.684248 0.313915
1.801445 0.424723 1.703189 0.369238
1.774311 0.403609 1.671440 0.344814
1.544162 0.406734 1.674387 0.325721
1.485909 0.393509 1.580777 0.313379
1.594189 0.386553 1.511914 0.311455
1.542882 0.391506 1.556476 0.323866
1.376535 0.376737 1.428768 0.283593
1.527174 0.381310 1.556164 0.299510
1.556006 0.386761 1.647672 0.323754
1.439137 0.381467 1.641014 0.288419
1.660458 0.404706 1.766883 0.323687
1.845908 0.413104 1.752705 0.349161
1.740907 0.431656 1.847493 0.377083
1.660927 0.413970 1.734357 0.331395
1.773462 0.395457 1.636434 0.319292
1.775448 0.410606 1.572889 0.354044
1.700981 0.405914 1.563908 0.329581
1.456484 0.407016 1.583670 0.313543
1.644987 0.420161 1.601966 0.338128
1.716930 0.410528 1.638590 0.328688
1.489928 0.395277 1.473437 0.297857
1.704902 0.390750 1.461362 0.310722
1.524961 0.393009 1.483456 0.298928
1.753327 0.405573 1.646460 0.334754
1.536138 0.410878 1.722267 0.327176
1.650474 0.404418 1.716866 0.336113
1.733597 0.411522 1.724955 0.356458
1.553204 0.393382 1.554538 0.316773
1.358278 0.391398 1.542327 0.292483
1.559245 0.404717 1.559202 0.321057
1.616150 0.395897 1.512609 0.315703
1.410460 0.393854 1.542043 0.303153
1.585520 0.391331 1.500608 0.309295
1.577261 0.406990 1.517728 0.320493
1.580746 0.394308 1.540659 0.312841
1.538180 0.393880 1.543385 0.302871
1.476603 0.388161 1.431738 0.293313
1.376420 0.394415 1.511175 0.301112
1.713061 0.404048 1.577766 0.322458
1.665377 0.394602 1.585955 0.309559
1.401567 0.394051 1.516474 0.297999
1.523739 0.394603 1.469291 0.305163
1.606635 0.380268 1.407914 0.299746
1.459798 0.365168 1.379826 0.270574
1.263056 0.363055 1.339242 0.270558
1.546618 0.372790 1.377891 0.290577
1.489108 0.376309 1.446954 0.284898
1.364983 0.383912 1.491701 0.295782
1.689487 0.412461 1.700949 0.340441
1.860934 0.435229 1.787356 0.368438
1.721504 0.419464 1.640713 0.336088
1.644476 0.434295 1.687354 0.369315
1.902556 0.413863 1.643152 0.360660
1.909594 0.417315 1.704236 0.367763
1.742255 0.421290 1.749722 0.348916
1.763023 0.441227 1.759046 0.376428
1.878568 0.428527 1.648990 0.351584
1.734435 0.419943 1.565975 0.341553
1.597264 0.399713 1.522206 0.328513
1.563516 0.387901 1.395480 0.290653
1.457492 0.389168 1.445422 0.298182
1.692951 0.404782 1.535738 0.312650
1.630217 0.408010 1.561679 0.328826
1.527524 0.404233 1.530795 0.330950
1.541874 0.393940 1.550625 0.317571
1.439083 0.378660 1.396299 0.291155
1.361807 0.389278 1.541411 0.310720
1.534753 0.407647 1.585457 0.329389
1.446361 0.403255 1.530620 0.315581
1.490248 0.395482 1.524278 0.301159
1.648740 0.402464 1.464134 0.319961
1.588898 0.406827 1.642056 0.336640
1.547314 0.395308 1.546622 0.317775
1.660352 0.419874 1.596814 0.370848
1.455424 0.382046 1.515586 0.290771
1.556477 0.406291 1.648386 0.341867
1.746572 0.411826 1.864130 0.327235
1.890833 0.423188 1.829956 0.361532
1.602969 0.408679 1.739391 0.335209
1.486887 0.409377 1.603056 0.337005
1.555470 0.392648 1.460555 0.312960
1.487827 0.374304 1.311744 0.295816
1.359579 0.364920 1.342835 0.276868
1.398473 0.373398 1.434214 0.293250
1.471839 0.379623 1.391735 0.300428
1.370676 0.381494 1.465233 0.287918
1.515984 0.404839 1.605179 0.320490
1.763860 0.411309 1.715780 0.329489
1.685581 0.398308 1.751121 0.313184
1.571800 0.399636 1.697628 0.302020
1.847875 0.402373 1.680798 0.333474
1.717042 0.406655 1.525832 0.329376
1.642262 0.404752 1.499688 0.314456
1.669864 0.414992 1.530941 0.336362
1.916440 0.421376 1.603162 0.346384
1.574224 0.397203 1.618474 0.321841
1.579016 0.405969 1.632615 0.338219
1.559953 0.382384 1.738206 0.295794
1.456747 0.381444 1.560201 0.307078
1.632586 0.392051 1.555222 0.323393
1.457207 0.384723 1.449187 0.291359
1.433169 0.382504 1.481780 0.304652
1.414812 0.370965 1.530412 0.288397
1.414898 0.373843 1.505391 0.284189
1.298700 0.364692 1.392176 0.277750
1.462458 0.378946 1.477640 0.288004
1.400007 0.387409 1.422012 0.301472
1.483376 0.380946 1.335977 0.274749
1.622911 0.406290 1.449120 0.330798
1.475460 0.392782 1.528491 0.307752
1.483729 0.386017 1.562173 0.294220
1.521795 0.403015 1.681859 0.321072
1.420535 0.378107 1.454272 0.284160
1.455444 0.394267 1.638207 0.304480
1.552676 0.418888 1.622860 0.349022
1.929652 0.428041 1.594823 0.371864
1.579581 0.408909 1.580914 0.336701
1.574359 0.417292 1.610366 0.361219
1.469326 0.379449 1.504877 0.288757
1.458964 0.376763 1.542244 0.310857
1.401313 0.358199 1.348257 0.270470
1.403033 0.366280 1.320735 0.286833
1.466086 0.389057 1.412685 0.302017
1.421741 0.393746 1.413507 0.293745
1.499418 0.420403 1.665469 0.353585
1.908388 0.414290 1.710184 0.359783
1.488983 0.389924 1.631777 0.308868
1.563260 0.384668 1.525731 0.302572
1.755598 0.383221 1.528678 0.290775
1.714878 0.396624 1.622389 0.334453
1.508364 0.392767 1.639297 0.319088
1.507907 0.411266 1.675580 0.338720
1.806376 0.397813 1.702671 0.333873
1.418558 0.385500 1.424029 0.289670
1.535491 0.394054 1.487736 0.329975
1.442574 0.378424 1.383944 0.287879
1.576001 0.401517 1.646497 0.329261
1.513864 0.399627 1.631389 0.311305
1.515056 0.402837 1.612612 0.335345
1.375711 0.387885 1.500749 0.294119
1.394535 0.378335 1.338086 0.299615
1.362028 0.361413 1.260813 0.269077
1.295756 0.360996 1.328278 0.268008
1.424319 0.366819 1.443213 0.297212
1.381931 0.376313 1.516387 0.290117
1.514643 0.382126 1.554224 0.302257
1.527350 0.382311 1.652337 0.298681
1.375022 0.389854 1.706812 0.312266
1.450445 0.390150 1.600672 0.298782
1.562485 0.401953 1.682937 0.331510
1.584907 0.397631 1.717682 0.327924
1.524535 0.419712 1.780183 0.353538
1.662419 0.432542 1.863495 0.391312
1.884889 0.425655 1.865178 0.379383
1.707638 0.404557 1.660139 0.328850
1.467915 0.393957 1.619980 0.305281
1.499982 0.383973 1.480220 0.300707
1.473301 0.378918 1.501288 0.306760
1.534267 0.374163 1.304129 0.276678
1.471478 0.375325 1.459329 0.294895
1.559025 0.408242 1.582333 0.339323
1.544471 0.399320 1.633103 0.319902
1.574330 0.425502 1.723543 0.348668
1.791415 0.417404 1.681715 0.353676
1.754217 0.398103 1.722601 0.334075
1.594887 0.402843 1.663687 0.339904
1.568019 0.386754 1.560498 0.307182
1.643732 0.400120 1.632345 0.330038
1.656283 0.408711 1.560058 0.331229
1.570536 0.400382 1.551377 0.325234
1.688919 0.396520 1.471269 0.318142
1.445866 0.381965 1.492340 0.297939
1.602152 0.388782 1.428321 0.305470
1.335251 0.377216 1.345869 0.271827
1.573302 0.393328 1.438232 0.324333
1.504994 0.390140 1.388666 0.300634
1.601386 0.391592 1.434751 0.305423
1.273138 0.370872 1.464152 0.277690
1.363277 0.369324 1.358092 0.271026
1.358194 0.367316 1.292527 0.271333
1.288457 0.371662 1.467965 0.284515
1.433943 0.370427 1.374970 0.275129
1.306199 0.363113 1.329881 0.266475
1.427065 0.372451 1.378501 0.275855
1.501652 0.371279 1.361942 0.274699
1.451141 0.376756 1.452618 0.293628
1.550203 0.398382 1.494850 0.321528
1.551575 0.400123 1.575149 0.310215
