2.341398 0.514303 2.222334 0.494524
2.441882 0.528748 2.307888 0.524635
2.366048 0.523706 2.395611 0.505259
2.552560 0.523807 2.289379 0.500177
2.125645 0.496845 2.128743 0.429589
2.323511 0.514764 2.334922 0.491939
1.994725 0.475087 2.194795 0.400845
2.150753 0.466800 2.131624 0.408318
2.620780 0.522005 2.352980 0.520662
2.220069 0.488336 2.190483 0.455577
2.071345 0.484316 2.010042 0.404148
2.368997 0.514388 2.262709 0.496744
2.539812 0.496065 2.189490 0.452145
2.236523 0.520325 2.318353 0.503699
2.251640 0.491116 2.271486 0.450829
2.561753 0.522663 2.424303 0.520760
2.291475 0.489678 2.198733 0.449097
2.050825 0.483225 2.142173 0.427760
2.301437 0.513016 2.194249 0.491826
2.236580 0.496470 1.965956 0.441713
2.187463 0.489618 2.075079 0.452840
2.187749 0.488838 2.031651 0.453262
2.104212 0.463379 1.968025 0.417286
2.167457 0.472223 1.953523 0.440321
1.935694 0.470567 1.928792 0.411863
2.260586 0.492675 2.046216 0.448414
2.245655 0.495384 2.228764 0.458300
2.286117 0.491150 2.223862 0.449981
2.236257 0.515721 2.283625 0.489181
2.372135 0.507400 2.335211 0.498774
2.271995 0.485613 2.370988 0.451506
2.307350 0.511175 2.253568 0.477612
2.228600 0.494603 2.190696 0.461932
2.482329 0.496841 2.266212 0.478845
2.244122 0.507875 2.346841 0.497312
2.453667 0.508283 2.450801 0.486692
2.525988 0.522970 2.462463 0.519166
2.495850 0.508451 2.414273 0.498220
2.588623 0.526931 2.389388 0.502293
2.595380 0.549929 2.389271 0.555613
2.576922 0.551561 2.519385 0.557319
2.619715 0.534589 2.516961 0.526078
2.326124 0.496348 2.365787 0.470572
2.389035 0.512048 2.491921 0.485379
2.220393 0.506763 2.431120 0.491454
2.189731 0.478259 2.262213 0.421796
2.640375 0.528504 2.396244 0.547078
2.468950 0.500574 2.412200 0.481291
2.355265 0.523984 2.326280 0.509008
2.475696 0.526532 2.446440 0.507746
2.740653 0.526506 2.444653 0.538277
2.319009 0.521416 2.425016 0.487435
2.398714 0.515006 2.144892 0.466732
2.341108 0.519251 2.198600 0.490646
2.404771 0.503743 2.146778 0.486764
2.149253 0.482688 2.022333 0.432413
2.345405 0.506619 2.202134 0.473211
2.225435 0.492635 2.153514 0.451975
2.250818 0.493146 2.166715 0.448757
2.342528 0.498074 2.201138 0.464174
2.270539 0.480542 2.005845 0.454193
2.061124 0.461072 1.871249 0.393939
2.073561 0.480244 2.093727 0.422390
2.184253 0.484254 1.875596 0.435500
2.474036 0.519437 2.184985 0.498344
2.270335 0.497708 2.236627 0.466539
2.213966 0.515120 2.164866 0.475263
2.517656 0.522981 2.369895 0.512635
2.237337 0.489309 2.165594 0.450704
2.071910 0.491007 2.143396 0.432237
2.123027 0.484710 2.020499 0.436123
2.364879 0.497658 2.152140 0.459164
2.144352 0.499205 2.092705 0.439854
2.311380 0.492742 2.039947 0.442090
2.470685 0.520387 2.320302 0.517368
2.310284 0.510872 2.185718 0.480512
2.399336 0.524867 2.508489 0.509013
2.580348 0.542548 2.706001 0.568661
2.522987 0.544083 2.671896 0.558326
2.483236 0.520299 2.515251 0.528555
2.217984 0.499218 2.289585 0.468427
2.051697 0.473977 2.230686 0.427151
1.915134 0.462282 2.094915 0.392124
2.078770 0.462971 1.971652 0.394506
2.462980 0.487380 2.109028 0.447514
2.161259 0.472339 2.130751 0.434349
2.147909 0.501320 2.336949 0.458166
2.282223 0.522012 2.378472 0.501715
2.574250 0.517730 2.306261 0.487884
2.268598 0.513349 2.340746 0.479992
2.254817 0.505193 2.157968 0.445877
2.317351 0.495644 2.144264 0.460102
2.170085 0.495697 2.083415 0.464167
2.138116 0.481408 1.989691 0.425428
2.316295 0.493297 2.027957 0.459707
2.218095 0.499534 2.201371 0.483887
2.214939 0.489424 2.210205 0.466684
2.361733 0.483934 2.319410 0.474673
2.362679 0.481752 2.324086 0.475787
2.314493 0.497329 2.150524 0.473140
2.077177 0.493738 2.262535 0.462334
2.259911 0.494045 2.223121 0.449409
2.386657 0.504240 2.303152 0.462997
2.401145 0.503995 2.366678 0.480241
2.340536 0.538257 2.519985 0.537578
2.364147 0.518814 2.331897 0.484355
2.336146 0.510352 2.228922 0.488035
2.234783 0.505038 2.202676 0.474629
2.164797 0.488612 2.253396 0.462876
2.285286 0.490820 2.157875 0.442808
2.281685 0.507814 2.485864 0.503476
2.388322 0.519620 2.322402 0.497105
2.311718 0.509497 2.405579 0.496279
2.518541 0.525967 2.409374 0.511300
2.523486 0.534050 2.320956 0.515148
2.483794 0.541225 2.421070 0.522505
2.318969 0.530416 2.213651 0.497843
2.475980 0.512324 2.148656 0.486566
2.249779 0.478697 2.199065 0.443463
2.008861 0.466896 1.973281 0.412658
1.956505 0.466235 1.943826 0.409009
2.087787 0.475300 2.050997 0.424599
2.465197 0.487906 2.058958 0.465212
2.307314 0.493293 2.274996 0.445367
2.220398 0.500422 2.377839 0.478505
2.240658 0.511943 2.388244 0.488231
2.492934 0.515908 2.305666 0.510062
2.339910 0.499499 2.171537 0.466392
2.240517 0.499085 2.274018 0.454191
2.205635 0.475147 2.101127 0.425197
2.189824 0.481050 2.144447 0.423819
2.318802 0.488898 2.258059 0.471160
2.112937 0.467821 2.042889 0.426190
2.132548 0.479903 2.229104 0.448282
2.254764 0.492947 2.250055 0.459210
2.345502 0.486511 2.144432 0.460871
2.232421 0.491941 2.130085 0.464664
2.275522 0.502084 2.017166 0.475628
2.229295 0.507887 2.123795 0.447717
2.276206 0.496675 2.233626 0.459500
2.208996 0.488026 2.132034 0.430071
2.271735 0.509820 2.201566 0.460681
2.356612 0.546152 2.456505 0.520326
2.483789 0.527811 2.217516 0.502719
2.324491 0.516527 2.327025 0.478089
2.242783 0.513595 2.208826 0.480270
2.310848 0.501828 2.209844 0.475072
2.223523 0.511887 2.271639 0.483819
2.202153 0.516063 2.218168 0.476850
2.282758 0.500544 2.306232 0.468466
2.397794 0.521310 2.431134 0.494203
2.500655 0.540797 2.586533 0.547405
2.429397 0.513583 2.492089 0.502792
2.401721 0.534807 2.556264 0.549208
2.431656 0.520047 2.471017 0.504643
2.485809 0.505607 2.496676 0.496546
2.502659 0.503281 2.454656 0.485961
2.379542 0.512776 2.474348 0.513577
2.137019 0.490040 2.277550 0.465937
2.108884 0.480956 2.290526 0.443663
2.337365 0.498082 2.139078 0.487252
2.285635 0.503693 2.265788 0.491774
2.347413 0.509156 2.128380 0.469963
2.164025 0.501147 2.173133 0.439803
2.427821 0.521348 2.289355 0.495179
2.559962 0.537933 2.526165 0.541293
2.362480 0.510293 2.504192 0.501749
2.279086 0.499662 2.406621 0.484900
2.098052 0.475968 2.096794 0.432993
2.328215 0.484733 2.009704 0.476089
2.185265 0.494351 2.061837 0.465991
2.324766 0.506556 2.219636 0.462422
2.382830 0.508870 2.225271 0.470741
2.520154 0.518380 2.352457 0.503337
2.363323 0.520851 2.296535 0.511607
2.294968 0.488929 2.320520 0.441058
2.402642 0.515887 2.410314 0.478937
2.625267 0.555138 2.559048 0.571478
2.538198 0.535671 2.569605 0.531835
2.533822 0.534316 2.650067 0.516401
2.393877 0.558812 2.588669 0.556774
2.657002 0.553834 2.589292 0.566894
2.611271 0.531514 2.529082 0.531987
2.254183 0.503305 2.266061 0.477749
2.131221 0.487920 2.160299 0.416475
2.387958 0.498786 2.256001 0.480965
2.391254 0.503275 2.259367 0.499811
2.233015 0.492724 2.416343 0.464599
2.386348 0.508819 2.480645 0.486000
2.320834 0.511723 2.415728 0.479559
2.228626 0.480212 2.089042 0.407087
2.284800 0.491710 2.126913 0.456338
2.204873 0.488327 2.184774 0.429512
2.327136 0.491586 2.152390 0.456110
2.463571 0.502537 2.371071 0.465672
2.237730 0.506997 2.400124 0.475530
2.141903 0.502049 2.341311 0.469567
2.304891 0.496239 2.274613 0.460378
2.176149 0.501180 2.167593 0.463872
2.229378 0.480248 2.108461 0.434291
2.069713 0.472007 2.199536 0.432391
2.151255 0.503705 2.304377 0.470053
2.152231 0.506657 2.238505 0.474133
2.210915 0.487192 2.229304 0.441371
2.256927 0.490837 2.243430 0.471563
2.189290 0.477181 2.063344 0.438229
2.140134 0.463290 2.108684 0.423591
2.380432 0.495491 2.153095 0.471678
2.289242 0.494442 2.192995 0.458713
2.242762 0.493825 2.356683 0.447133
2.532352 0.512887 2.354585 0.511216
2.483900 0.508440 2.419172 0.508297
2.248256 0.519150 2.238306 0.488770
2.257709 0.497124 2.037017 0.439361
2.345506 0.527949 2.260086 0.500850
2.742278 0.566299 2.465823 0.596995
2.390411 0.546897 2.363851 0.519996
2.386107 0.528835 2.608177 0.510216
2.481352 0.547496 2.438067 0.533154
2.466265 0.509702 2.279360 0.480269
2.524249 0.507820 2.141368 0.486444
2.176485 0.498166 2.060878 0.458333
2.122085 0.473267 1.983493 0.434287
2.089909 0.476689 1.946586 0.409894
2.406173 0.498570 2.199632 0.478002
2.315046 0.515604 2.211356 0.481836
2.535761 0.527852 2.429120 0.506301
2.413938 0.533151 2.447891 0.520363
2.251237 0.501775 2.293435 0.474220
2.206191 0.497290 2.340099 0.464330
2.435792 0.508428 2.342239 0.491831
2.395173 0.492942 2.251434 0.483868
2.529310 0.506582 2.283471 0.470786
2.399310 0.506255 2.258236 0.470016
2.291670 0.521899 2.295694 0.487817
2.479891 0.529196 2.491597 0.538485
2.370361 0.513362 2.510097 0.509733
2.395565 0.517854 2.454387 0.512367
2.030660 0.486704 2.243611 0.447259
2.161988 0.478014 2.145048 0.432080
2.294501 0.512098 2.221008 0.498381
2.280416 0.490719 2.149861 0.454605
2.235620 0.495528 2.291595 0.471694
2.262326 0.498093 2.294246 0.457560
2.247209 0.494652 2.160171 0.453660
2.181165 0.477547 2.035363 0.444414
2.038054 0.475937 2.085677 0.423997
2.306035 0.506080 2.269141 0.479030
2.635218 0.528964 2.444902 0.508448
2.578838 0.518592 2.461518 0.516180
2.324213 0.518074 2.385411 0.503942
2.588366 0.549264 2.376068 0.539341
2.489886 0.536589 2.406406 0.517972
2.727569 0.569443 2.864075 0.579496
2.465140 0.542068 2.630204 0.521426
2.510288 0.555825 2.627035 0.566362
2.474039 0.542992 2.668721 0.538958
2.874360 0.554493 2.669221 0.586347
2.579796 0.526622 2.594641 0.550786
2.327855 0.507746 2.443148 0.499191
2.325708 0.480555 2.428414 0.466303
2.183505 0.476367 2.244840 0.453942
2.401926 0.485684 2.417354 0.486157
2.411757 0.517022 2.522836 0.529277
2.306133 0.505789 2.320330 0.472305
2.447643 0.532772 2.439512 0.520847
2.211407 0.480211 2.109369 0.428697
2.233613 0.487545 2.223777 0.433679
2.346902 0.511467 2.274466 0.472961
2.553924 0.504544 2.332361 0.505061
2.406653 0.515302 2.344525 0.510286
2.594638 0.527315 2.452758 0.511925
2.394883 0.537681 2.600237 0.532689
2.666482 0.567368 2.699748 0.594019
2.486658 0.562146 2.501687 0.565042
2.500601 0.536392 2.320684 0.498128
2.324409 0.510998 2.239499 0.505705
2.060525 0.486349 2.114209 0.437292
2.228873 0.486216 2.141278 0.448040
2.245531 0.495518 2.122995 0.453449
2.277516 0.492616 2.216806 0.454063
2.185690 0.503416 2.100236 0.473041
2.202910 0.487220 2.221602 0.445875
2.327909 0.489989 2.054900 0.469137
2.289683 0.490514 2.095996 0.457533
2.308228 0.506886 2.228637 0.495195
2.350810 0.500722 2.148815 0.472571
2.371411 0.495934 2.112300 0.444675
2.259217 0.503936 2.172705 0.472138
2.439585 0.527157 2.344739 0.501665
2.521731 0.539233 2.310648 0.528902
2.654017 0.551009 2.527503 0.549029
2.334720 0.531904 2.387124 0.507946
2.267979 0.516314 2.305427 0.470933
2.553247 0.532173 2.628008 0.539020
2.570142 0.527013 2.282263 0.501784
2.581015 0.516176 2.213119 0.503933
2.188423 0.484062 2.272191 0.458870
2.263748 0.467176 2.088840 0.442993
2.336520 0.498043 2.099181 0.457475
2.627826 0.519463 2.429644 0.523680
2.409058 0.531485 2.414559 0.524688
2.649056 0.560488 2.443989 0.566065
2.405951 0.542958 2.538476 0.513871
2.264123 0.487729 1.978277 0.423791
2.176085 0.477427 1.956762 0.431362
2.296822 0.505897 2.336080 0.478224
2.445550 0.493478 2.307738 0.467701
2.161411 0.497536 2.401061 0.456672
2.497889 0.519095 2.526572 0.521836
2.103193 0.499206 2.348055 0.457129
2.401095 0.523517 2.404870 0.517515
2.431323 0.529845 2.547683 0.538928
2.574628 0.537482 2.472593 0.521033
2.301840 0.524272 2.446551 0.505469
2.229634 0.502864 2.454737 0.476936
2.074599 0.480100 2.257982 0.440199
2.348699 0.491476 2.324078 0.454639
2.363507 0.492180 2.458067 0.501180
2.197871 0.498385 2.432026 0.470529
2.233553 0.496596 2.199946 0.458522
2.378504 0.488747 2.277417 0.469960
2.319896 0.486698 2.243201 0.468648
2.109033 0.474322 2.098236 0.426838
2.155410 0.468822 2.093733 0.418712
2.291105 0.489543 2.141848 0.460472
2.128732 0.492410 2.197294 0.448165
2.373400 0.517904 2.429380 0.500839
2.420823 0.524613 2.448393 0.489966
2.447818 0.545594 2.461553 0.542389
2.339868 0.524146 2.447253 0.504208
2.281578 0.516907 2.312168 0.490599
2.487175 0.538613 2.455106 0.539103
2.480091 0.519202 2.244869 0.487992
2.343420 0.488364 2.171284 0.441291
2.120348 0.494824 2.145031 0.445589
2.326473 0.478948 1.939512 0.430816
2.182571 0.484255 2.155325 0.441735
2.487422 0.502809 2.210742 0.477877
2.222454 0.488991 2.239270 0.453139
2.481437 0.511016 2.361526 0.473250
2.363005 0.543441 2.332676 0.510851
2.265853 0.506642 2.367035 0.492073
2.427026 0.506143 2.239797 0.486164
2.215077 0.502341 2.255433 0.455971
2.281325 0.499966 2.281990 0.459377
2.256538 0.513687 2.377160 0.494832
2.415209 0.516240 2.432842 0.504985
2.279367 0.508550 2.430251 0.474463
2.329810 0.525123 2.570185 0.506686
2.645707 0.568445 2.780253 0.606089
2.400974 0.529727 2.376070 0.486771
2.400565 0.536505 2.375846 0.515305
2.213477 0.511948 2.351026 0.495993
2.145654 0.488552 2.284585 0.472512
2.344870 0.501612 2.295067 0.475411
2.581690 0.516510 2.389270 0.502387
2.275501 0.525759 2.485573 0.517939
2.172415 0.522511 2.378859 0.494173
2.284206 0.481817 2.262332 0.452126
2.405047 0.497734 2.290832 0.478532
2.241800 0.487864 2.290684 0.455648
2.172499 0.476833 2.266586 0.465175
2.272954 0.503340 2.301936 0.468285
2.367358 0.516576 2.329244 0.507074
2.380722 0.505848 2.261035 0.476291
2.526119 0.529910 2.387429 0.533055
2.339552 0.514055 2.259828 0.484589
2.232015 0.506344 2.277755 0.482345
2.116401 0.481075 2.203306 0.430903
2.650205 0.532352 2.469690 0.533273
2.739719 0.544028 2.485314 0.545566
2.420935 0.508476 2.341558 0.469173
2.282809 0.545170 2.228237 0.516544
2.508447 0.511076 2.351400 0.509905
2.366710 0.493690 2.238702 0.474698
2.416285 0.491238 2.233223 0.464645
2.303940 0.509073 2.327561 0.505497
2.377972 0.506996 2.335910 0.480759
2.280327 0.518348 2.322634 0.500700
2.263407 0.490012 2.284899 0.459077
2.349927 0.493358 2.226778 0.457906
2.397741 0.519524 2.246641 0.503359
2.580199 0.532499 2.327283 0.531573
2.307462 0.508454 2.202576 0.475870
2.359941 0.502307 2.418094 0.481012
2.135584 0.494869 2.481373 0.463523
2.198915 0.514184 2.456233 0.495411
2.271272 0.512004 2.405349 0.482996
2.279962 0.504730 2.412664 0.489018
2.439362 0.519889 2.248725 0.477941
2.244764 0.521556 2.116569 0.474771
2.218946 0.506436 2.235739 0.480293
2.715330 0.544511 2.500004 0.545085
2.720285 0.529997 2.381308 0.507544
2.373283 0.521345 2.445334 0.504351
2.474609 0.554317 2.592372 0.562503
2.465208 0.518554 2.246119 0.507322
2.519638 0.526831 2.283817 0.504247
2.287125 0.508271 2.221694 0.479630
2.206229 0.487793 2.294261 0.467231
2.312826 0.512896 2.268075 0.518319
2.426155 0.516333 2.438907 0.523235
2.169557 0.485395 2.267100 0.460997
2.187168 0.484909 2.177383 0.437505
2.171114 0.495725 2.344549 0.487436
2.180874 0.502162 2.212222 0.460552
2.255080 0.494293 2.284535 0.464427
2.503121 0.516277 2.423907 0.498748
2.644847 0.521878 2.529950 0.514584
2.393373 0.506221 2.376651 0.465358
2.378049 0.536420 2.675304 0.548472
2.506031 0.505419 2.463904 0.510608
2.534135 0.531233 2.448114 0.533962
2.267159 0.480757 2.412456 0.457573
2.267906 0.490913 2.209623 0.466499
2.337674 0.509797 2.309655 0.495989
2.173586 0.484846 2.103307 0.449510
2.330550 0.490782 2.380860 0.489587
2.452475 0.495246 2.238129 0.457397
2.334627 0.494124 2.413837 0.470765
2.368913 0.533923 2.447267 0.527961
2.407427 0.528667 2.527557 0.514964
2.296949 0.508968 2.421963 0.463081
2.244933 0.498968 2.335194 0.461355
2.258523 0.491395 2.348149 0.469329
2.172327 0.475419 2.258437 0.427482
2.047047 0.473528 2.093844 0.430960
2.202030 0.476281 2.273953 0.440766
2.185001 0.497021 2.245067 0.456496
2.087696 0.491010 2.304681 0.439025
2.560014 0.552509 2.643980 0.562121
2.533846 0.536536 2.534880 0.528142
2.605026 0.549606 2.425383 0.536950
2.250187 0.532604 2.464191 0.499931
2.434890 0.508029 2.184305 0.478766
2.305807 0.498427 2.189280 0.458047
2.272310 0.510769 2.160863 0.488307
2.033263 0.481297 1.982892 0.406474
2.183011 0.480602 2.169431 0.463772
2.175832 0.488440 2.243944 0.458068
2.096689 0.481837 2.248058 0.433004
2.147810 0.472700 2.244874 0.423081
2.192535 0.482849 2.203256 0.440303
2.230658 0.502438 2.319618 0.479658
2.089270 0.479333 2.229327 0.425443
2.208029 0.497259 2.312353 0.465223
2.499657 0.493343 2.333265 0.470367
2.361254 0.509869 2.216523 0.504373
2.210505 0.529577 2.353756 0.500447
2.285195 0.495941 2.209924 0.462433
2.512529 0.516945 2.223354 0.493233
2.154924 0.480267 2.037680 0.439187
2.012929 0.465258 2.063220 0.431241
2.152237 0.484008 2.183959 0.458121
1.962647 0.457608 2.016457 0.404455
2.193633 0.494098 2.197299 0.457156
2.473925 0.519210 2.201718 0.504811
2.204995 0.491984 2.268972 0.444778
2.261765 0.519498 2.326348 0.483176
2.450810 0.527857 2.300256 0.490525
2.423468 0.526531 2.411202 0.513896
2.105978 0.499556 2.123573 0.459920
2.346077 0.502623 2.196744 0.475080
2.185383 0.482752 2.269697 0.472501
1.944020 0.455573 2.274382 0.419438
2.102093 0.476442 2.215581 0.446145
2.261330 0.473126 2.352490 0.454339
1.996365 0.479743 2.245982 0.429971
2.552924 0.539094 2.542960 0.555848
2.617644 0.548184 2.547704 0.556058
2.413554 0.532547 2.576027 0.505511
2.250349 0.520708 2.292118 0.482500
2.493143 0.504626 2.310599 0.470049
2.406148 0.527006 2.375517 0.530325
2.416555 0.517435 2.334580 0.495509
2.144652 0.500640 2.233523 0.470014
2.367434 0.499078 2.366828 0.469317
2.285429 0.485139 2.222075 0.460811
2.285750 0.496151 2.220956 0.464068
2.008140 0.476281 2.010497 0.431168
2.255603 0.472940 2.033070 0.430554
2.159365 0.474258 2.255332 0.435066
2.104770 0.484020 2.127916 0.438458
2.160348 0.482611 2.162206 0.451225
2.559217 0.505637 2.246553 0.490711
2.391844 0.530398 2.326262 0.510401
2.183846 0.510978 2.205226 0.469082
2.318967 0.510084 2.162860 0.478283
2.455683 0.507937 2.360621 0.495601
2.074453 0.473058 2.107170 0.415577
2.109957 0.475720 2.291692 0.423613
2.186084 0.479620 2.113337 0.442373
2.159218 0.469145 2.002149 0.406836
2.149625 0.489218 2.352553 0.471690
2.284685 0.503838 2.251402 0.469062
2.312053 0.497495 2.048299 0.443570
2.389459 0.504415 2.210056 0.479183
2.429997 0.543431 2.527145 0.545928
2.511186 0.530704 2.456013 0.506336
2.208575 0.514449 2.455266 0.486819
2.411384 0.515570 2.512946 0.509320
2.042283 0.491851 2.325716 0.466991
1.912628 0.453126 2.345045 0.405516
2.087987 0.468181 2.143402 0.444602
2.233664 0.475966 2.244538 0.448730
2.080561 0.504403 2.462580 0.513022
2.179076 0.481743 2.198555 0.445659
2.511550 0.513588 2.427112 0.495324
2.329322 0.501179 2.245745 0.467961
2.262220 0.510079 2.285614 0.475497
2.621822 0.525276 2.476304 0.516315
2.421811 0.499415 2.238699 0.481404
2.455891 0.506899 2.408034 0.480586
2.274596 0.505967 2.331539 0.480021
2.323575 0.484970 2.290840 0.455118
2.324359 0.494210 2.385344 0.469481
2.315535 0.502840 2.511087 0.483943
2.195220 0.490343 2.283770 0.456243
2.482095 0.483129 2.156564 0.446032
2.220444 0.492294 2.298758 0.472831
2.181468 0.491447 2.273444 0.459175
2.138194 0.490141 2.289266 0.436670
2.588803 0.515926 2.357200 0.518851
2.304140 0.502224 2.365935 0.470908
2.217230 0.483554 2.144160 0.455880
2.095264 0.490251 2.123165 0.449272
2.401038 0.499501 2.331221 0.488260
2.149614 0.475162 2.281259 0.424189
2.067488 0.479652 2.304906 0.433019
2.102763 0.469337 2.219280 0.417595
2.161581 0.483674 2.123423 0.438150
2.151531 0.491481 2.240234 0.443331
2.289965 0.481090 2.156328 0.444915
2.283061 0.494835 2.185350 0.472926
2.421324 0.508046 2.387197 0.499461
2.243655 0.524472 2.501342 0.517972
2.577950 0.516023 2.381417 0.478216
2.393010 0.516295 2.365444 0.507736
2.372747 0.508636 2.207381 0.478960
2.133437 0.473144 1.915570 0.425945
2.009255 0.480744 2.084678 0.437249
2.014719 0.474644 2.031646 0.418941
2.188696 0.473256 2.089459 0.423853
2.146258 0.504085 2.241288 0.485605
2.064674 0.497608 2.022742 0.446204
2.200292 0.479821 2.101129 0.440985
2.255451 0.484635 2.168208 0.448660
2.076894 0.478006 2.147364 0.447418
2.229863 0.488216 2.120209 0.446720
2.140964 0.468217 1.984089 0.406869
2.013243 0.464601 2.069143 0.423463
2.096886 0.476896 2.130647 0.452777
2.263493 0.489549 2.062338 0.463612
2.170114 0.492564 2.137860 0.436350
2.129443 0.507523 2.309069 0.479527
2.132437 0.482752 1.935716 0.425185
2.236040 0.466548 1.946515 0.424737
2.074478 0.471196 1.933489 0.419960
2.126752 0.484457 1.915202 0.438329
2.008026 0.487846 2.160613 0.438140
2.527845 0.503365 2.310563 0.480738
2.361563 0.507218 2.409663 0.499106
2.496539 0.503694 2.335930 0.499573
2.188680 0.516393 2.232366 0.482591
2.468770 0.514687 2.466358 0.499610
2.530460 0.512721 2.373756 0.497259
2.368053 0.520520 2.542170 0.498976
2.258758 0.511680 2.501196 0.477371
2.364687 0.522253 2.277811 0.514626
2.158321 0.502145 2.162313 0.454205
2.602836 0.512325 2.398742 0.517492
2.332700 0.511570 2.425606 0.485958
2.369561 0.501833 2.259789 0.488084
2.218605 0.499594 2.343836 0.467341
2.447724 0.493012 2.112828 0.460902
2.063922 0.478764 2.007050 0.425044
2.273881 0.488777 2.165090 0.450668
2.138101 0.462816 2.007703 0.419421
2.071157 0.482324 2.072043 0.429862
2.182465 0.476214 2.218945 0.427885
2.341660 0.497291 2.166213 0.461129
2.298152 0.501599 2.208329 0.469962
2.139993 0.491031 2.198903 0.465963
2.230041 0.482977 2.081965 0.441500
2.134467 0.481325 2.124668 0.435282
2.078284 0.468110 2.129272 0.429138
2.178790 0.476752 2.141818 0.441629
2.260416 0.470271 2.334381 0.445822
2.138772 0.477488 2.140718 0.435590
2.206201 0.485866 2.185731 0.468250
2.372199 0.489797 2.263678 0.466811
2.266281 0.502940 2.221166 0.451468
2.288645 0.505261 2.243297 0.480951
2.043451 0.468617 2.094836 0.427652
2.388174 0.468633 2.079421 0.427626
2.238877 0.491139 2.294854 0.479538
2.100629 0.467670 2.127340 0.423675
2.262995 0.503315 2.303720 0.452513
2.757777 0.536650 2.398129 0.546424
2.508539 0.529793 2.309107 0.515617
2.375432 0.504961 2.156646 0.480780
2.168066 0.496726 2.226597 0.469717
2.299691 0.495024 2.142598 0.454324
2.325042 0.500888 2.171633 0.460705
2.249203 0.518901 2.279270 0.507897
2.264720 0.518766 2.221750 0.486417
2.387460 0.516958 2.174452 0.476257
2.007054 0.490882 2.298771 0.446041
2.534413 0.505721 2.266161 0.486231
2.264490 0.512705 2.280932 0.498993
2.481967 0.502900 2.226741 0.470625
2.089383 0.490203 2.276201 0.461497
2.538859 0.505825 2.264216 0.483042
2.253031 0.495920 2.118188 0.443027
2.489606 0.502586 2.097948 0.490739
2.213697 0.492488 2.099508 0.468975
2.126136 0.490011 2.126170 0.451164
2.296997 0.510504 2.342809 0.495029
2.321629 0.516563 2.223121 0.476317
2.374647 0.518086 2.222583 0.478664
2.117826 0.490120 2.157430 0.443062
2.389544 0.502877 2.211998 0.483791
2.407524 0.504217 2.179160 0.454000
2.200189 0.496467 2.140990 0.450353
2.211821 0.512625 2.230237 0.492660
2.433819 0.500916 2.157076 0.469314
2.167121 0.491679 2.298263 0.475961
2.128754 0.477546 2.313530 0.441457
2.276928 0.488194 2.276328 0.444992
2.241450 0.486679 2.219169 0.453500
2.115812 0.503565 2.182435 0.455451
2.085016 0.478197 1.927300 0.418576
2.260768 0.469868 1.954396 0.427774
2.155299 0.486778 2.071224 0.427890
2.065871 0.473971 2.040462 0.419444
2.318843 0.514392 2.344647 0.484891
2.546597 0.526709 2.382458 0.513137
2.452626 0.523997 2.350874 0.509463
2.414746 0.524827 2.222980 0.497426
2.370995 0.514354 2.311175 0.504716
2.582345 0.528420 2.580936 0.537005
2.359599 0.521292 2.581783 0.515965
2.427671 0.532778 2.851667 0.529379
2.613240 0.549831 2.724134 0.556816
2.573709 0.553429 2.736458 0.570780
1.940449 0.502116 2.206978 0.443041
2.425729 0.492120 2.090222 0.455358
2.160111 0.493862 2.269537 0.449699
2.276905 0.498583 2.185259 0.482243
2.032681 0.475284 2.082138 0.418638
2.296260 0.485020 2.124599 0.441446
2.133593 0.475676 2.115863 0.420703
2.179682 0.480847 2.177074 0.433300
2.471647 0.519913 2.387664 0.489962
2.217829 0.502644 2.470908 0.470771
2.314883 0.521896 2.578539 0.522765
2.181560 0.507266 2.423093 0.489987
2.463979 0.535387 2.453809 0.542805
2.087154 0.493529 2.081992 0.438790
2.283866 0.502836 2.108117 0.459646
2.265293 0.496739 2.250916 0.463074
2.134377 0.496916 2.058916 0.436480
2.098345 0.481820 2.174104 0.431412
2.252770 0.480176 2.162176 0.437045
2.180992 0.482534 2.235757 0.433837
2.113539 0.483266 2.183873 0.430751
2.185977 0.480451 2.168703 0.442952
2.097776 0.473012 2.238017 0.423549
2.224897 0.500885 2.202268 0.467333
2.144866 0.476856 2.273266 0.444902
2.333273 0.502571 2.414524 0.507589
2.306087 0.516497 2.384914 0.485404
2.129253 0.482075 2.244073 0.432562
2.177882 0.498252 2.355680 0.461543
2.505771 0.520603 2.346456 0.513276
2.697948 0.558205 2.446995 0.588632
2.506551 0.546886 2.317405 0.533778
2.550247 0.521716 2.434414 0.530040
2.546075 0.533407 2.610978 0.540401
2.572991 0.523249 2.533435 0.510855
2.509588 0.550268 2.664371 0.554190
2.658645 0.552135 2.579841 0.558468
2.642127 0.542869 2.452837 0.552787
2.021271 0.497147 2.295668 0.462809
2.399396 0.500586 2.193567 0.472992
2.249128 0.504439 2.283010 0.465680
2.297233 0.494732 2.356621 0.492222
2.089603 0.481850 2.198698 0.457561
2.254478 0.490237 2.185125 0.450260
2.101362 0.475059 2.148738 0.436396
2.298074 0.495543 2.051019 0.449399
2.464826 0.520584 2.297446 0.506416
2.006631 0.486871 2.110786 0.446238
2.262237 0.500498 2.190831 0.453818
2.167915 0.487532 2.159950 0.443897
2.278419 0.486471 2.214906 0.464656
2.016944 0.474176 2.092656 0.420845
2.251711 0.494886 2.238726 0.464796
2.331781 0.494841 2.245420 0.458411
2.181982 0.506901 2.204735 0.466339
2.224817 0.512625 2.243897 0.491480
2.312562 0.489757 2.175349 0.447591
2.197565 0.494124 2.267178 0.483738
2.079474 0.478782 2.236731 0.436480
2.127126 0.475968 2.261814 0.434786
2.082153 0.481347 2.065930 0.441166
2.137001 0.497030 2.284546 0.474693
2.091987 0.470470 2.086943 0.422420
2.236915 0.502079 2.274633 0.458605
2.101343 0.484775 2.225025 0.433296
2.231774 0.507863 2.102165 0.473295
2.353686 0.534177 2.381578 0.527157
2.475158 0.521896 2.340394 0.499464
2.492399 0.519778 2.472317 0.505266
2.305847 0.526740 2.471428 0.527814
2.443417 0.508294 2.276985 0.487584
2.547726 0.514881 2.391289 0.509942
2.613482 0.525384 2.457112 0.493727
2.346192 0.532228 2.532394 0.522198
2.521195 0.541595 2.692987 0.534629
2.706641 0.536267 2.399890 0.505681
2.009919 0.479983 2.176233 0.420480
2.347295 0.490254 2.330481 0.480102
2.142770 0.492811 2.333046 0.448333
2.278015 0.481937 2.122427 0.445888
2.120598 0.482201 2.053104 0.441765
2.154938 0.497473 2.075152 0.469567
2.338001 0.489347 2.042604 0.461530
2.405969 0.499692 2.137955 0.469037
2.453071 0.512035 2.154904 0.470202
2.220974 0.511947 2.276805 0.477095
2.214886 0.503325 2.136403 0.472865
2.296985 0.489761 2.319082 0.475554
2.175975 0.474833 2.091081 0.435069
1.960188 0.464828 1.957075 0.400776
2.153993 0.478509 2.050224 0.433311
2.232877 0.489041 2.068909 0.435820
2.201720 0.496699 2.245477 0.459975
2.151279 0.502619 2.165388 0.465579
2.335702 0.506103 2.268947 0.470523
2.167241 0.486738 2.064166 0.435350
2.234107 0.510803 2.298571 0.490353
2.235582 0.503434 2.368778 0.466878
2.296349 0.499638 2.218538 0.468371
2.039034 0.504992 2.342456 0.460071
2.285123 0.498372 2.261216 0.489153
2.309844 0.506125 2.337667 0.495647
2.161291 0.509668 2.289151 0.507323
2.137438 0.502371 2.123750 0.459468
2.282274 0.508854 2.188117 0.465793
2.391698 0.508520 2.251027 0.488579
2.312813 0.518387 2.261981 0.475797
2.329170 0.525482 2.403469 0.514608
2.431355 0.526355 2.289897 0.513563
2.573910 0.528820 2.457325 0.508547
2.660373 0.534300 2.403708 0.522909
2.424357 0.550285 2.508225 0.534720
2.765750 0.573897 2.576524 0.575769
2.515209 0.518198 2.229722 0.495871
2.123363 0.507098 2.351522 0.496253
2.226286 0.498397 2.238598 0.474386
2.321492 0.509871 2.319730 0.480835
2.155312 0.487630 2.089812 0.453001
2.316591 0.499208 2.254182 0.472897
2.150637 0.497743 2.357587 0.465533
2.338389 0.497044 2.260993 0.483542
2.343395 0.506037 2.455115 0.483763
2.433673 0.521580 2.372403 0.516446
2.133617 0.494889 2.216525 0.452990
2.347335 0.505693 2.215495 0.485979
2.202175 0.477980 2.092931 0.442527
2.137173 0.470539 2.133935 0.421792
1.980283 0.455922 2.022815 0.385584
2.140804 0.464653 2.216871 0.425222
2.210404 0.476647 2.294965 0.427057
2.165951 0.471015 2.180567 0.425151
2.153167 0.475848 2.175748 0.433737
2.341019 0.481475 2.160976 0.438451
2.192790 0.489910 2.395321 0.457769
2.429616 0.511143 2.412010 0.503157
2.343838 0.527364 2.460494 0.525954
2.399378 0.505122 2.390300 0.468453
2.377471 0.519074 2.297723 0.484102
2.347962 0.499804 2.235901 0.455086
2.345022 0.526464 2.445857 0.508950
2.151261 0.483413 2.264960 0.474093
2.234921 0.489805 2.251488 0.453452
2.291852 0.498870 2.291271 0.472859
2.248314 0.480380 2.118872 0.425221
2.421282 0.524464 2.326518 0.505818
2.423606 0.510691 2.207932 0.469924
2.333467 0.503682 2.263908 0.479834
2.415264 0.523469 2.551104 0.506075
2.954031 0.546204 2.713854 0.539010
2.578515 0.551579 2.926433 0.566891
2.559035 0.553161 2.955851 0.558225
2.730235 0.559300 2.802434 0.578907
2.141653 0.474303 2.092420 0.414327
2.319267 0.501691 2.305821 0.493882
2.185985 0.496850 2.314077 0.453363
2.262247 0.493357 2.334892 0.472700
2.317659 0.498855 2.271689 0.465244
2.251168 0.484797 2.312713 0.448365
2.266359 0.489336 2.252427 0.468762
2.255603 0.482323 2.352952 0.466176
2.485404 0.508351 2.399119 0.479021
2.213281 0.495264 2.326631 0.460723
2.349383 0.488859 2.461572 0.490873
2.170853 0.470870 2.360068 0.414834
2.250546 0.463986 2.297475 0.430311
2.141973 0.473154 2.127808 0.437213
2.129257 0.466079 2.071556 0.419419
2.294936 0.484206 2.164495 0.467255
2.214744 0.479281 2.158893 0.441009
2.188074 0.475189 2.199611 0.443649
2.620360 0.513784 2.339578 0.491640
2.113738 0.496356 2.221839 0.457601
2.436982 0.515210 2.195678 0.478227
2.385286 0.537816 2.531370 0.531979
2.566301 0.534766 2.418622 0.530101
2.080769 0.500817 2.162494 0.447892
2.422132 0.514378 2.319059 0.502724
2.354055 0.500310 2.407230 0.465161
2.367701 0.486107 2.263508 0.441300
2.250581 0.495742 2.319046 0.457552
2.277014 0.500631 2.211847 0.466036
2.410451 0.505209 2.179036 0.473755
2.474917 0.521449 2.270083 0.527541
2.443001 0.504050 2.262617 0.475589
2.491395 0.502273 2.291620 0.472241
2.392438 0.503565 2.371225 0.495530
2.633929 0.503980 2.400781 0.502254
2.446682 0.517390 2.567614 0.473955
2.383364 0.529931 2.416499 0.501251
2.153385 0.511674 2.236858 0.465910
2.235895 0.495089 2.375313 0.473358
2.267277 0.500572 2.350619 0.472137
2.043426 0.496676 2.167534 0.439800
2.165072 0.490402 2.168897 0.462918
2.285328 0.480192 2.088258 0.445744
2.220313 0.471300 1.884897 0.406940
2.223126 0.486767 1.948327 0.431388
2.170034 0.486657 2.074775 0.442636
2.253199 0.503492 2.219608 0.467820
2.370622 0.503300 2.193819 0.453563
2.314368 0.497716 2.192875 0.451073
1.963042 0.459435 2.124858 0.408862
2.113670 0.479150 2.088835 0.445999
2.231613 0.474762 2.049430 0.434924
2.103279 0.462736 2.218327 0.404260
2.317246 0.479603 2.175781 0.438127
2.274941 0.488489 2.100979 0.449575
2.493382 0.513740 2.317046 0.510500
2.507135 0.535602 2.366675 0.549791
2.493585 0.521163 2.391843 0.498708
2.472010 0.539348 2.395234 0.524348
2.555790 0.539551 2.337326 0.521560
2.542434 0.511696 2.409374 0.506209
2.296991 0.527087 2.340498 0.511883
2.222300 0.498532 2.271355 0.460604
2.196215 0.505066 2.225953 0.461839
2.225916 0.476389 2.011568 0.432100
2.173152 0.485573 1.952809 0.433544
2.464778 0.500816 2.272048 0.495000
2.335868 0.492492 2.102744 0.467179
2.346154 0.494400 2.216405 0.458509
2.315209 0.487593 2.092141 0.450567
2.358012 0.481398 2.132649 0.461655
2.130485 0.484035 2.103768 0.431412
2.349735 0.491853 2.004131 0.447748
2.278911 0.497025 2.143288 0.433889
2.377739 0.492788 2.274324 0.478560
2.126482 0.498394 2.194393 0.457954
2.301815 0.501166 2.242453 0.459979
2.388766 0.496587 2.362452 0.482624
2.059830 0.488737 2.262505 0.437454
2.212113 0.470744 2.017319 0.416374
2.070207 0.452180 2.139553 0.405963
2.228627 0.465928 2.228786 0.444929
2.126119 0.469564 2.249066 0.422468
2.283390 0.503217 2.236338 0.477487
2.272739 0.486792 2.298305 0.467069
2.190866 0.494998 2.110780 0.451513
2.291162 0.485895 2.069590 0.443012
1.986752 0.478108 2.024775 0.425549
2.195660 0.473029 2.270517 0.437536
2.425028 0.488872 2.232917 0.453401
2.241948 0.485888 2.185176 0.454837
2.141457 0.476443 2.174349 0.437552
2.394904 0.491098 2.074575 0.460621
2.525487 0.510312 2.253292 0.490998
2.528296 0.531362 2.171457 0.506286
2.530089 0.525743 2.251506 0.509336
2.553744 0.547781 2.398293 0.545379
2.617804 0.529565 2.544364 0.522227
2.732393 0.538399 2.528592 0.548456
2.190889 0.507263 2.433646 0.460987
2.486824 0.526411 2.466181 0.527360
2.240311 0.495487 2.200083 0.461745
2.484505 0.498133 2.290837 0.466823
2.122964 0.485064 2.185435 0.445194
2.409124 0.499639 2.115425 0.468147
2.260356 0.498891 2.239780 0.460478
2.374095 0.499053 2.197860 0.448773
2.286970 0.487437 2.389166 0.487070
2.298135 0.483605 2.183626 0.448938
2.201554 0.490138 2.247761 0.450691
2.378005 0.486811 2.269639 0.450815
2.334183 0.509244 2.262365 0.480771
2.392471 0.510417 2.461037 0.504647
2.190488 0.525824 2.312942 0.492272
2.336095 0.501167 2.337341 0.474029
2.384561 0.498235 2.287735 0.464651
2.103033 0.495777 2.128591 0.442189
2.328484 0.483739 1.984366 0.430814
1.884591 0.452023 1.945479 0.400003
2.095210 0.453562 2.026476 0.403426
2.007819 0.464261 2.207438 0.412220
1.911279 0.464553 2.287448 0.418430
2.284560 0.482443 2.251593 0.452394
2.195439 0.491990 2.414476 0.466405
1.966579 0.476781 2.211020 0.435436
1.907963 0.462339 2.065246 0.404131
2.278690 0.485376 2.289504 0.456225
2.223718 0.466086 2.122457 0.423709
2.055265 0.452915 2.091884 0.395532
2.209064 0.477467 2.035334 0.458601
2.186995 0.474396 2.276864 0.452412
2.475908 0.492215 2.211292 0.446903
2.278343 0.509793 2.285354 0.487633
2.635375 0.533648 2.607057 0.548613
2.616197 0.539732 2.656819 0.524385
2.788509 0.568901 2.753074 0.586601
2.606342 0.544076 2.855101 0.565548
2.275760 0.501432 2.535596 0.473706
2.348231 0.509654 2.622400 0.511634
2.334904 0.511890 2.366384 0.486249
2.360131 0.506801 2.295773 0.465776
2.128118 0.508651 2.351685 0.474191
2.349668 0.502872 2.228397 0.458355
2.219972 0.501107 2.149993 0.453136
2.180103 0.489847 2.272477 0.461076
2.188361 0.481416 2.161301 0.428331
2.443575 0.493181 2.266081 0.477690
2.124559 0.464808 2.363513 0.426361
2.222941 0.475504 2.328644 0.421541
2.099037 0.486844 2.391880 0.439081
2.472802 0.510317 2.451862 0.511997
2.081756 0.497992 2.488558 0.467735
2.350669 0.515464 2.532135 0.509357
2.430052 0.509951 2.198607 0.499283
2.141866 0.501952 2.344859 0.472547
2.323021 0.486335 2.431580 0.459186
1.950859 0.467044 2.206149 0.426429
2.118805 0.460226 2.172017 0.444906
2.221765 0.476532 2.309052 0.475131
2.007825 0.476929 2.175893 0.439386
2.168326 0.484763 2.282625 0.435993
2.231232 0.501817 2.261476 0.485995
2.262807 0.485573 2.200278 0.472121
1.998439 0.476384 2.071401 0.414020
2.115832 0.460232 2.029317 0.417740
2.252729 0.472147 2.055207 0.437322
2.088691 0.464557 1.931966 0.428440
1.978336 0.460141 1.846894 0.412063
2.255985 0.478187 2.067691 0.422571
2.476813 0.485468 2.207544 0.453235
2.341928 0.504312 2.292194 0.496390
2.613188 0.560183 2.480643 0.580221
2.607809 0.535054 2.413019 0.548959
2.512934 0.534246 2.423616 0.525791
2.507872 0.528038 2.275453 0.500987
2.320801 0.503344 2.168607 0.464384
2.494534 0.509902 2.212935 0.487002
2.309029 0.486232 2.230321 0.445215
2.395056 0.511114 2.441744 0.502681
2.170049 0.498404 2.310175 0.476883
2.374581 0.503864 2.386857 0.475080
2.326320 0.508263 2.319603 0.486082
2.164273 0.500178 2.149104 0.461782
2.098034 0.485846 2.116083 0.439824
2.429334 0.496653 2.264739 0.463897
2.204546 0.480558 2.111935 0.441556
2.169101 0.499586 2.342411 0.458617
2.174248 0.488167 2.173529 0.438050
2.516823 0.517261 2.440079 0.506802
2.329797 0.511730 2.430080 0.494129
2.256355 0.510507 2.267417 0.499693
2.371619 0.504798 2.251429 0.462674
2.255581 0.500484 2.350754 0.459445
2.506876 0.512722 2.202693 0.484328
2.032721 0.474201 2.213230 0.430603
1.976363 0.472041 2.027674 0.407731
2.228907 0.490101 2.042495 0.464551
2.062719 0.478847 2.025592 0.412176
2.216499 0.497589 2.061675 0.457814
2.044355 0.469470 2.133238 0.420805
2.171923 0.463431 2.045534 0.413184
2.047037 0.486011 2.173158 0.447927
2.195304 0.478960 2.174305 0.439338
2.159640 0.471130 2.035360 0.440676
2.293012 0.488573 2.248047 0.460543
2.189732 0.473117 2.111770 0.436490
2.429401 0.500887 2.267064 0.471850
2.555109 0.517547 2.540464 0.514953
2.279121 0.503586 2.261063 0.483329
2.486064 0.526525 2.490493 0.534732
2.650474 0.532630 2.271253 0.523144
2.513929 0.527082 2.367299 0.503229
2.316128 0.511955 2.276037 0.486711
2.350371 0.509762 2.270398 0.495062
2.398103 0.497590 2.141369 0.463665
2.338461 0.495916 2.111404 0.436443
2.260133 0.497792 2.236596 0.479236
2.282290 0.497491 2.158731 0.473015
2.275008 0.486935 2.228443 0.450075
2.249072 0.497566 2.180855 0.462574
2.097734 0.490613 2.218330 0.448421
2.254631 0.514426 2.268550 0.504393
2.238068 0.502968 2.193577 0.481118
2.167207 0.476622 2.128831 0.435685
2.063540 0.488201 2.148260 0.459127
1.996286 0.474604 2.117262 0.410839
2.371122 0.508884 2.116205 0.474710
2.436522 0.519136 2.364180 0.497868
2.458057 0.523519 2.475268 0.505073
2.429473 0.527764 2.412093 0.504823
2.498506 0.525774 2.505384 0.515762
2.513303 0.514210 2.534380 0.492705
2.217793 0.492289 2.403310 0.468241
2.241654 0.526185 2.409265 0.513803
2.337389 0.485703 2.261528 0.454123
2.158652 0.471146 2.192101 0.407785
2.104467 0.482243 2.274457 0.436664
1.940592 0.469566 2.077607 0.432337
2.234867 0.472773 2.208855 0.426228
2.087208 0.477815 2.347656 0.411640
2.281222 0.497289 2.398014 0.493334
2.220749 0.464122 2.325833 0.433684
2.367730 0.488429 2.480745 0.481309
2.262815 0.493383 2.540977 0.476638
2.407975 0.500529 2.328795 0.469525
2.576270 0.527327 2.380245 0.524474
2.187929 0.483089 2.269509 0.449719
2.440582 0.517634 2.338667 0.511084
2.549981 0.515467 2.322338 0.514108
2.366595 0.510756 2.524340 0.496775
2.396726 0.507004 2.214288 0.471538
2.244950 0.486308 2.129822 0.450743
2.352066 0.484329 2.174183 0.446923
2.035542 0.482469 1.982566 0.430323
2.308075 0.485024 2.113873 0.435215
2.029336 0.468138 2.068354 0.419957
2.225690 0.469281 2.138025 0.435797
1.885194 0.464145 2.126909 0.413148
2.148487 0.472572 2.075802 0.430367
2.248403 0.505563 2.115455 0.468250
2.277523 0.500997 2.106357 0.473142
2.118392 0.491109 2.100041 0.455785
2.125474 0.492250 2.191850 0.444821
2.290786 0.503969 2.390502 0.497232
2.270313 0.499717 2.424366 0.450936
2.485537 0.515839 2.414739 0.505200
2.394131 0.517797 2.406930 0.501936
2.529705 0.527896 2.369673 0.508659
2.448250 0.509521 2.169794 0.479572
2.341387 0.507542 2.237828 0.479200
2.163227 0.500197 2.185881 0.452521
2.173635 0.517960 2.293978 0.496676
2.431907 0.515661 2.296641 0.491818
2.295726 0.495690 2.226757 0.454589
2.188078 0.503951 2.191144 0.470405
2.187839 0.496610 2.247135 0.479038
2.453826 0.495622 2.173653 0.465308
2.248195 0.492998 2.211348 0.465106
2.216164 0.496094 2.171705 0.462709
2.226526 0.489749 2.122316 0.440537
2.591707 0.522052 2.433072 0.513821
2.356206 0.515997 2.428403 0.499918
2.446870 0.516424 2.461240 0.496690
2.601051 0.553161 2.480858 0.552511
2.373766 0.507384 2.094237 0.468088
2.415427 0.523341 2.422151 0.520235
2.521526 0.511139 2.368196 0.499680
2.350471 0.517450 2.408113 0.504762
2.383249 0.501303 2.377845 0.487324
2.381752 0.502646 2.358346 0.494401
2.279286 0.487752 2.239114 0.466467
2.225282 0.498166 2.120947 0.480367
2.223494 0.469524 2.152661 0.433618
2.243370 0.482333 2.159292 0.472648
2.354239 0.502099 2.249278 0.485589
2.042083 0.472291 2.054766 0.415096
2.106939 0.475892 2.089780 0.442917
2.305389 0.513186 2.281245 0.494552
2.465268 0.529943 2.388713 0.520242
2.164927 0.502105 2.423977 0.488847
2.266777 0.487358 2.311136 0.462083
2.267640 0.503535 2.492690 0.488622
2.573779 0.521596 2.444271 0.537862
2.599373 0.517238 2.481550 0.498896
2.370787 0.500933 2.489818 0.480950
2.461079 0.520810 2.450800 0.495768
2.604604 0.530653 2.495958 0.523284
2.475551 0.530000 2.648883 0.517601
2.276999 0.521884 2.462498 0.519060
2.272202 0.523902 2.596971 0.503428
2.462390 0.492023 2.419540 0.469201
2.110832 0.476109 2.081439 0.430793
2.162305 0.487181 2.140532 0.457589
1.819708 0.443180 1.948500 0.384322
2.322923 0.479012 2.110408 0.452754
2.277334 0.489354 2.189695 0.445592
2.144826 0.502565 2.228676 0.448747
2.464635 0.524965 2.349810 0.503406
2.613235 0.563069 2.579625 0.566763
2.688668 0.560313 2.486106 0.583178
2.382061 0.521703 2.355421 0.486589
2.505921 0.542061 2.240409 0.526904
2.300030 0.486871 2.067663 0.433954
2.540562 0.518815 2.210098 0.505270
2.296548 0.484635 2.083852 0.443982
2.139685 0.483102 2.195662 0.438681
2.430740 0.506332 2.242584 0.465986
2.213753 0.500334 2.195531 0.483344
2.020725 0.473633 1.945135 0.409200
1.974366 0.479019 2.206721 0.413594
2.268835 0.479781 2.241813 0.450423
2.327013 0.468898 2.234196 0.436058
2.150480 0.469286 2.217066 0.433244
1.952751 0.455345 2.127223 0.399506
2.216540 0.485530 2.183952 0.442144
2.371427 0.496273 2.407009 0.482878
2.377627 0.495649 2.424489 0.474217
2.166884 0.485732 2.299601 0.432727
2.098882 0.469322 2.282351 0.433092
2.291423 0.493142 2.342049 0.471353
2.521858 0.508256 2.306384 0.496218
2.448134 0.516192 2.300681 0.481593
2.201091 0.490760 2.213537 0.433735
2.279609 0.519066 2.374380 0.498718
2.561843 0.531299 2.431674 0.502758
2.370249 0.530228 2.497362 0.504033
2.212712 0.503133 2.390498 0.455600
2.177054 0.514900 2.383087 0.473751
2.195506 0.482858 2.081274 0.434797
2.058891 0.476873 1.850988 0.413278
2.114989 0.482085 2.038188 0.442385
2.043404 0.468812 2.066074 0.418902
2.267941 0.492372 2.212702 0.454619
2.388617 0.509739 2.378615 0.490547
2.249693 0.504617 2.229314 0.476447
2.443923 0.515387 2.325820 0.486553
2.571984 0.550185 2.362460 0.545595
2.500374 0.524609 2.428171 0.490832
2.333122 0.529527 2.332165 0.515722
2.400044 0.521232 2.443151 0.516148
2.345317 0.486857 2.200203 0.458606
2.347508 0.494458 2.140363 0.464507
2.287202 0.507070 2.318557 0.464907
2.150208 0.491784 2.097425 0.444149
2.372998 0.497517 2.317768 0.473238
2.385834 0.495126 2.264446 0.461352
2.103143 0.470682 2.116669 0.412737
2.168609 0.489561 2.273856 0.462566
2.071970 0.466877 2.104088 0.412629
2.412515 0.488295 2.127591 0.462662
2.272703 0.491494 2.283165 0.469288
2.066635 0.467302 2.077874 0.404546
2.200042 0.465045 2.087867 0.422384
2.417226 0.490318 2.184115 0.479466
2.322961 0.489509 2.369356 0.483949
2.152876 0.497573 2.192911 0.456643
2.199779 0.498065 2.181115 0.462214
2.178229 0.500906 2.362086 0.489530
2.365733 0.499048 2.164582 0.466105
2.434619 0.509767 2.202675 0.472348
2.196359 0.500148 2.303341 0.486355
2.387779 0.516866 2.432282 0.497489
2.419072 0.523596 2.500561 0.504026
2.225252 0.512027 2.413795 0.493165
2.308838 0.509204 2.259744 0.469419
2.400029 0.539559 2.542232 0.534421
2.213742 0.503542 2.280789 0.465938
2.049369 0.464118 2.129930 0.421121
2.154959 0.477902 2.149968 0.454294
2.015247 0.471790 2.000315 0.431577
2.137689 0.487078 2.161583 0.448261
2.197357 0.496232 2.341981 0.452328
2.353142 0.514011 2.390834 0.493450
2.464060 0.532159 2.644099 0.535157
2.561875 0.538455 2.605748 0.555772
2.601717 0.535827 2.581096 0.512379
2.368638 0.546626 2.548941 0.551107
2.320741 0.516179 2.297986 0.493529
2.354379 0.508115 2.184327 0.470554
2.352154 0.485556 2.055913 0.449937
2.139114 0.486910 2.071824 0.458649
2.181657 0.504032 2.310221 0.477979
2.253706 0.503245 2.123766 0.460515
2.162322 0.493765 2.238201 0.448749
2.221737 0.502382 2.198891 0.464403
2.174469 0.493348 2.172823 0.446527
2.268089 0.496498 2.148282 0.468605
2.391437 0.494847 1.980732 0.458436
2.201419 0.491121 2.023773 0.444999
2.199772 0.470470 2.169800 0.443517
2.050905 0.456906 1.965135 0.405550
2.304607 0.482352 1.916816 0.433208
2.185951 0.470236 2.014025 0.414260
2.301560 0.500834 2.006235 0.470816
2.215532 0.495700 2.111946 0.455578
2.380941 0.526119 2.521492 0.514221
2.486913 0.494596 2.424508 0.488299
2.396849 0.502712 2.339070 0.466127
2.207522 0.494033 2.269538 0.447744
2.334702 0.511601 2.390286 0.481258
2.382975 0.519330 2.432796 0.522949
2.168156 0.515175 2.503281 0.482425
2.257516 0.506197 2.452555 0.480204
2.243790 0.524693 2.459191 0.491577
2.219761 0.508058 2.310610 0.469636
2.104765 0.468920 2.176457 0.429571
2.288581 0.496538 2.179253 0.488084
2.138196 0.481681 2.216252 0.449253
2.069407 0.483555 2.120745 0.447035
2.304410 0.508391 2.248084 0.481574
2.399510 0.522853 2.349687 0.492710
2.301828 0.522635 2.294208 0.475039
2.477940 0.533088 2.507083 0.517504
2.555948 0.539588 2.344641 0.531259
2.576022 0.548845 2.533777 0.542313
2.307084 0.524731 2.408018 0.531066
2.214294 0.494934 2.223301 0.458577
2.606247 0.496438 2.156259 0.496606
2.065410 0.475297 2.166547 0.445949
2.152416 0.497029 2.255226 0.461375
2.180389 0.489366 2.177108 0.432092
2.412517 0.500060 2.144854 0.486213
2.034210 0.480802 2.101222 0.423881
2.098818 0.482836 2.091680 0.434129
2.141454 0.474326 2.153888 0.421979
2.278838 0.485772 2.139888 0.467596
2.190524 0.488351 2.112954 0.440455
2.128644 0.467286 2.152455 0.422688
2.186559 0.468809 2.187003 0.423246
2.342635 0.480884 2.247226 0.457451
2.267493 0.492579 2.213143 0.450059
2.335641 0.501501 2.292261 0.451900
2.438598 0.518028 2.525998 0.495340
2.630111 0.540697 2.613444 0.533094
2.442159 0.513079 2.550628 0.526950
2.224926 0.488277 2.462228 0.472394
2.384374 0.525947 2.326847 0.501164
2.167692 0.513477 2.316284 0.473242
2.595039 0.539381 2.480561 0.532396
2.437350 0.543220 2.819912 0.581167
2.573387 0.525857 2.691532 0.539217
2.368928 0.551513 2.737515 0.559765
2.217026 0.497209 2.375221 0.473585
2.200484 0.476904 2.201215 0.457058
2.421467 0.494968 2.243670 0.482589
2.298421 0.502661 2.091177 0.466252
2.022521 0.497372 2.104338 0.448869
2.332101 0.522208 2.303036 0.490779
2.498907 0.528222 2.307184 0.500587
2.346061 0.513533 2.347749 0.507802
2.167531 0.513202 2.307140 0.482393
2.276941 0.498986 2.232985 0.460500
2.405316 0.508483 2.285163 0.468833
2.284936 0.500946 2.139536 0.454078
2.039486 0.476433 2.020440 0.414685
2.193111 0.469295 2.054421 0.426325
2.095852 0.463555 2.085552 0.412310
2.163843 0.498528 2.367827 0.470330
2.141527 0.483387 2.109273 0.443982
2.319489 0.510182 2.252292 0.475933
2.164637 0.507771 2.123129 0.450806
2.140174 0.483021 2.042715 0.434424
2.456015 0.510799 2.238851 0.480184
2.199027 0.495652 2.272678 0.471570
2.084083 0.487744 2.272423 0.447340
2.226283 0.486195 1.994714 0.450912
2.158505 0.477144 2.007294 0.423419
2.228965 0.476999 2.049073 0.427817
2.022091 0.484829 2.172654 0.454964
2.104260 0.489045 2.311946 0.451276
2.260315 0.514875 2.227812 0.492592
2.529489 0.516471 2.251356 0.503057
2.276783 0.491850 2.077944 0.444921
2.179512 0.491013 2.186005 0.449360
2.516682 0.521046 2.469703 0.524272
2.258110 0.516009 2.319240 0.484356
2.575909 0.540327 2.448763 0.535637
2.411325 0.538628 2.698534 0.550513
2.570095 0.522791 2.323575 0.504350
2.321385 0.542080 2.327485 0.515369
2.133301 0.493144 2.178383 0.464135
2.026806 0.474073 1.907265 0.400012
2.388911 0.482813 2.039060 0.443519
2.181070 0.478734 2.281221 0.451348
2.058492 0.478706 2.254234 0.436172
2.229642 0.494268 2.359910 0.453008
2.619392 0.527125 2.377856 0.501557
2.455214 0.505525 2.342007 0.488418
2.044122 0.493356 2.117400 0.444007
2.254746 0.512360 2.235475 0.489707
2.264292 0.495174 2.192847 0.461140
2.180500 0.485303 2.068381 0.435584
2.127873 0.485154 1.999762 0.430818
2.277164 0.494374 2.020064 0.458056
2.163483 0.474627 1.968177 0.431797
2.366359 0.530382 2.343859 0.531569
2.178267 0.503751 2.171183 0.465693
2.356313 0.519355 2.363968 0.487250
2.388607 0.536685 2.408106 0.537495
2.483977 0.521063 2.279313 0.504688
2.449411 0.501870 2.278038 0.476616
2.139275 0.493197 2.252073 0.446563
2.168937 0.505602 2.291141 0.481550
2.130873 0.494409 2.128402 0.453119
2.145236 0.472877 1.997214 0.428385
2.055749 0.468373 1.945487 0.396803
2.113108 0.474142 2.119059 0.404622
2.256233 0.479850 2.154612 0.443742
2.205116 0.500781 2.281496 0.465861
2.586789 0.517679 2.411227 0.511423
2.301691 0.492007 2.287416 0.444183
2.549671 0.508770 2.333688 0.488609
2.261907 0.502877 2.233872 0.471502
2.286841 0.508175 2.252660 0.476812
2.550688 0.539200 2.314290 0.542446
2.334903 0.524973 2.253595 0.509926
2.421228 0.522742 2.210928 0.481492
2.343229 0.532720 2.433863 0.506114
2.327632 0.513858 2.367873 0.490393
2.204750 0.496723 2.330738 0.460546
2.495467 0.498520 2.357337 0.488577
2.361574 0.506727 2.245009 0.482989
2.143437 0.500344 2.174131 0.467992
2.206068 0.495056 2.183107 0.451515
2.387696 0.509828 2.260415 0.468076
2.439769 0.492589 2.208602 0.464557
2.190372 0.507666 2.306223 0.485051
2.048311 0.474777 2.218464 0.443600
2.172803 0.470328 2.131165 0.424968
2.053224 0.471674 2.069694 0.415453
2.007841 0.463413 1.962644 0.407088
2.086455 0.486661 1.901168 0.431913
2.049412 0.478596 1.903261 0.423219
2.284121 0.510277 2.336401 0.506743
2.401262 0.515970 2.227230 0.476405
2.428971 0.516486 2.446867 0.491441
2.353600 0.529105 2.532005 0.535964
2.370410 0.515204 2.298384 0.485632
2.607967 0.527350 2.280866 0.518024
2.174619 0.496360 2.097117 0.449572
2.032945 0.489551 2.134406 0.443065
1.993595 0.487764 2.167754 0.441566
2.340952 0.493743 2.230469 0.449747
2.334813 0.489442 2.249089 0.473278
2.037620 0.465714 2.240470 0.406741
2.160575 0.475038 2.053183 0.418151
2.265985 0.485083 2.100655 0.431535
2.584689 0.506548 2.377470 0.511089
2.298380 0.505675 2.183844 0.451790
2.615429 0.520437 2.353477 0.499630
2.175455 0.498554 2.301369 0.445173
2.294477 0.495281 2.222169 0.458406
2.689670 0.548624 2.562830 0.558037
2.478394 0.533917 2.557478 0.528412
2.351302 0.533255 2.464464 0.525541
2.280996 0.513418 2.458539 0.466573
2.265656 0.506483 2.287406 0.470143
2.145962 0.494817 2.260363 0.441846
2.369859 0.488024 2.117946 0.475659
2.104573 0.490117 2.175699 0.467453
2.152622 0.477532 2.080624 0.425683
2.115647 0.474243 2.041544 0.430964
2.422854 0.504158 2.273023 0.493586
2.445926 0.499673 2.058317 0.467046
2.277303 0.501655 2.137903 0.463878
2.081788 0.487494 1.970836 0.421453
2.015433 0.453936 1.952260 0.412376
2.001110 0.450888 1.934767 0.392683
1.896873 0.459056 1.863362 0.384448
1.945852 0.463794 1.967140 0.409157
1.870904 0.470234 2.025904 0.402989
2.352597 0.504984 2.460318 0.518504
2.412720 0.509453 2.211074 0.472473
2.442801 0.544614 2.566743 0.547077
2.256428 0.541221 2.497735 0.529943
2.392865 0.526195 2.252182 0.510241
2.545006 0.533217 2.340053 0.553420
2.295361 0.507345 2.345497 0.492762
2.289472 0.499463 2.331770 0.475392
2.257814 0.484268 2.326118 0.464198
2.351612 0.490754 2.438168 0.452121
2.265236 0.487781 2.307449 0.428474
2.181515 0.472920 2.298423 0.426948
2.244554 0.468627 2.054502 0.416243
2.158251 0.462371 2.064211 0.424898
2.397686 0.478369 2.130142 0.460735
2.244186 0.487678 1.994589 0.438205
2.368366 0.495131 2.161072 0.449084
2.315481 0.507161 2.137599 0.483717
2.308428 0.510638 2.156210 0.481683
2.351041 0.517091 2.428592 0.505390
2.452715 0.534204 2.515871 0.559604
2.273136 0.521096 2.489764 0.508300
2.192583 0.502483 2.496878 0.466704
2.373318 0.507668 2.441354 0.495252
1.954342 0.484639 2.329720 0.443125
2.194734 0.469759 2.034758 0.411623
2.039386 0.465898 1.950070 0.417663
2.232413 0.465053 1.997783 0.426097
2.014920 0.459776 1.972606 0.393354
2.273869 0.494269 2.250327 0.461744
2.379577 0.515389 2.239948 0.486631
2.239170 0.495375 2.193569 0.447655
2.197272 0.500679 2.148511 0.469341
2.017588 0.465533 2.244517 0.412373
1.992205 0.466833 2.260463 0.410609
2.078760 0.465515 2.188215 0.413322
2.098324 0.487787 2.241995 0.422042
2.033185 0.484012 2.164866 0.433236
2.130885 0.478750 2.254366 0.437843
2.310940 0.487719 2.243282 0.458276
2.351857 0.519626 2.270280 0.493433
2.425818 0.523051 2.308969 0.488155
2.606281 0.545815 2.519550 0.545750
2.597687 0.555240 2.579056 0.551518
2.525967 0.549732 2.440051 0.535925
2.204341 0.503377 2.233029 0.472886
2.391428 0.514166 2.269699 0.521068
2.421116 0.522549 2.283581 0.497097
2.241890 0.504178 2.260899 0.469512
2.163364 0.496868 2.302218 0.450420
2.508382 0.504845 2.314515 0.478211
2.341602 0.480378 2.318502 0.450051
2.354472 0.500554 2.297588 0.483781
2.378624 0.509065 2.374378 0.472604
2.509365 0.513503 2.339623 0.473971
