1.645018,0.425158,1.983576,0.341821
2.592273,0.563468,2.556021,0.580303
1.717628,0.458901,1.968183,0.401310
2.215952,0.467248,1.762510,0.402255
1.139449,0.339586,1.136003,0.230421
2.829408,0.581966,2.623125,0.604038
1.513052,0.403900,1.760551,0.315839
1.625375,0.433580,1.893176,0.355068
2.148665,0.471679,2.240415,0.419277
3.461322,0.674785,3.276726,0.809165
2.192933,0.512260,2.333547,0.484956
2.159121,0.520475,2.521565,0.518170
2.966967,0.609782,2.973155,0.629428
3.098736,0.645116,2.894552,0.729736
1.444543,0.375931,1.504312,0.283996
2.355002,0.512180,2.491401,0.474791
2.341558,0.546742,2.579569,0.515894
3.003972,0.626173,2.915780,0.686254
2.538797,0.585310,2.914467,0.588018
1.445662,0.375179,1.300532,0.279273
2.437559,0.564339,2.804607,0.592763
2.084695,0.496470,2.439111,0.462378
2.657194,0.565832,2.654904,0.564198
1.148181,0.343036,1.154462,0.234464
3.377440,0.683552,3.457787,0.782703
1.770350,0.413462,1.705356,0.329802
1.844277,0.413330,1.688183,0.342685
1.997608,0.431916,1.582136,0.355212
3.154951,0.645065,3.203706,0.718560
2.173631,0.506761,2.259435,0.473323
2.293629,0.517381,2.782285,0.497328
1.628975,0.409489,1.664126,0.343003
3.324569,0.693120,3.244608,0.814804
1.952652,0.474072,2.011297,0.404658
2.072658,0.475817,2.101033,0.436072
3.420869,0.695127,3.402366,0.844017
1.985471,0.488509,2.135009,0.434356
2.807338,0.624362,2.998680,0.643304
2.595018,0.564315,2.408398,0.583743
1.221190,0.360086,1.446177,0.265133
1.098898,0.329669,1.098898,0.219780
2.222912,0.498037,2.299428,0.461477
1.098898,0.329669,1.098898,0.219780
1.525833,0.367596,1.311808,0.266942
1.701771,0.420334,1.824498,0.339266
1.734803,0.456454,1.985802,0.389037
2.610340,0.556246,2.458126,0.538134
3.306582,0.647473,2.926778,0.735377
1.460812,0.380348,1.567668,0.282502
2.300506,0.531942,2.370058,0.507060
1.178635,0.352381,1.287616,0.242678
1.943211,0.447859,1.807783,0.376053
1.593536,0.383215,1.388499,0.292782
1.331378,0.356491,1.201033,0.247380
1.391476,0.357611,1.285553,0.258568
2.139151,0.488982,2.079735,0.434800
2.649361,0.588985,2.787049,0.675897
2.714598,0.648568,3.163432,0.774113
1.283712,0.362302,1.227545,0.265541
3.076792,0.591505,3.077298,0.610700
2.939240,0.621221,2.758777,0.658888
1.146642,0.338338,1.207657,0.233755
1.423904,0.366315,1.278303,0.273809
2.384291,0.535925,2.452137,0.518942
1.137033,0.340208,1.145200,0.231538
1.760007,0.425691,1.828785,0.359652
2.585325,0.566161,2.541786,0.583355
2.584663,0.602316,2.975498,0.630423
1.959561,0.418443,1.693714,0.336513
1.964388,0.428810,1.831972,0.370919
1.145479,0.342257,1.218542,0.234279
1.234465,0.357317,1.558808,0.269542
2.758695,0.598948,2.660254,0.635237
2.571968,0.583084,2.902840,0.580970
3.002700,0.629785,3.107839,0.678342
1.152590,0.340577,1.241268,0.236429
2.366341,0.534795,2.529515,0.498123
1.952466,0.457154,2.046922,0.396431
1.502771,0.412559,1.567130,0.346338
2.490586,0.501284,2.256529,0.470394
2.018265,0.424126,1.921374,0.363426
1.177734,0.340950,1.136770,0.232050
1.948748,0.494241,2.184863,0.453930
2.084026,0.487312,2.393057,0.470817
2.338289,0.524061,2.392353,0.504046
1.392185,0.366203,1.416683,0.276160
1.697440,0.428412,1.913634,0.370975
2.030389,0.482223,1.812002,0.444262
1.171911,0.346550,1.272581,0.267075
1.736865,0.403347,1.610517,0.342827
1.361939,0.356299,1.343549,0.258785
1.414108,0.372329,1.480616,0.283563
2.854783,0.585197,2.691865,0.583211
2.656576,0.543093,2.416611,0.553967
2.234586,0.542973,2.549431,0.527573
2.594363,0.556054,2.628166,0.555808
2.360563,0.490275,2.138990,0.491248
1.700727,0.435682,2.044085,0.380440
1.821094,0.447460,1.898569,0.379683
2.054419,0.496162,2.160038,0.488816
1.857321,0.450447,1.863930,0.377929
2.646823,0.610894,3.210574,0.646742
1.173843,0.349253,1.267316,0.242310
1.957502,0.455861,2.101939,0.392266
1.437586,0.350930,1.181501,0.245296
1.766648,0.449226,2.034395,0.387128
2.521745,0.520851,2.449379,0.491049
1.511483,0.410937,1.691962,0.356949
1.461835,0.383937,1.493327,0.303782
1.605586,0.424788,1.725327,0.347827
3.307109,0.672940,3.048706,0.788145
1.098898,0.329669,1.098898,0.219780
1.946006,0.452395,1.994734,0.412384
2.962823,0.615675,2.613925,0.655772
1.545389,0.392578,1.599253,0.304034
2.540313,0.570742,2.674573,0.571104
1.517391,0.406374,1.859236,0.320046
3.188879,0.668800,3.094052,0.738104
1.494156,0.391200,1.563405,0.306341
2.051433,0.487963,1.872026,0.432657
1.400051,0.373856,1.345912,0.273914
1.500864,0.371209,1.616226,0.282850
2.243287,0.488911,2.271190,0.479182
2.385577,0.509559,2.356642,0.464050
3.002702,0.612420,3.107108,0.675697
2.347087,0.482804,2.061744,0.443034
1.439931,0.356522,1.302098,0.272975
1.650555,0.411750,1.698486,0.322039
2.717457,0.590814,2.767219,0.623706
1.651365,0.411188,1.770396,0.328083
3.018475,0.609796,3.189653,0.649637
2.424912,0.552002,2.545522,0.575457
1.407272,0.400206,1.553321,0.331756
1.413129,0.353566,1.281854,0.260247
1.555621,0.382562,1.540426,0.306712
2.052895,0.460126,1.783730,0.422119
1.670063,0.424718,1.901011,0.340670
2.267124,0.523646,2.224117,0.532634
3.454125,0.649811,3.312494,0.740779
1.456200,0.374135,1.347794,0.271043
1.123368,0.336263,1.125306,0.226624
2.017707,0.466543,1.919889,0.418794
1.440609,0.352670,1.285700,0.247926
2.755249,0.611185,3.222042,0.663081
1.714381,0.405857,1.741782,0.329658
2.974002,0.609592,3.239110,0.638137
1.463739,0.362851,1.323215,0.264825
2.305924,0.543015,2.496093,0.521338
2.362694,0.559523,2.690874,0.541801
1.553640,0.417330,1.853921,0.337278
1.296042,0.335342,1.160357,0.237158
1.743201,0.437692,2.051931,0.378789
1.973906,0.467698,2.171082,0.425516
1.453265,0.410234,1.716634,0.364224
1.784021,0.450357,2.010012,0.401562
1.106231,0.331190,1.212704,0.223205
1.461764,0.372502,1.274632,0.277627
1.124835,0.336133,1.124313,0.226983
2.789472,0.607752,2.877707,0.626193
2.894368,0.618179,3.126992,0.652584
2.120868,0.492676,2.105730,0.440958
1.239829,0.366490,1.238815,0.256316
1.232701,0.340846,1.141667,0.234363
1.404530,0.373396,1.358085,0.271427
2.282661,0.533576,2.667033,0.516235
1.202606,0.340837,1.252627,0.239542
1.375011,0.362469,1.588861,0.261932
1.454002,0.383049,1.594893,0.332550
3.185280,0.689612,3.590737,0.823511
2.059357,0.496830,2.355304,0.467354
1.301298,0.344285,1.188757,0.238990
1.098898,0.329669,1.098898,0.219780
2.473422,0.493500,2.123231,0.452418
1.696440,0.404294,1.707480,0.328950
3.024664,0.604481,2.860995,0.646566
2.053452,0.439229,1.896434,0.371174
3.257402,0.668183,3.176338,0.751952
2.652708,0.560521,2.505522,0.587687
1.567621,0.403057,1.400357,0.336672
1.251809,0.353747,1.286054,0.253917
1.268230,0.339682,1.145384,0.237137
1.098898,0.329669,1.098898,0.219780
2.842012,0.578271,2.709119,0.606635
1.819120,0.477003,1.885385,0.420724
2.652243,0.560566,2.457486,0.561491
3.380240,0.676049,3.550264,0.766370
2.522467,0.499138,2.034439,0.470171
3.248338,0.653263,3.134517,0.709357
2.427709,0.541548,2.659203,0.539677
1.182130,0.344046,1.238779,0.245774
1.907030,0.460382,2.164296,0.439170
1.231933,0.340990,1.141725,0.231861
3.070202,0.693425,3.097200,0.759245
2.607508,0.544289,2.357290,0.549678
1.860130,0.410424,1.507339,0.329196
1.611154,0.382856,1.498283,0.296777
2.495662,0.490037,2.129757,0.455816
3.124308,0.589741,2.753729,0.594471
2.764200,0.564365,2.715820,0.586884
1.749535,0.440481,1.830585,0.391554
3.150594,0.651938,3.004233,0.722001
3.659101,0.711854,3.113687,0.851207
2.152937,0.479687,2.112479,0.449923
3.454884,0.649195,3.199277,0.758959
2.997341,0.596592,2.893926,0.636091
2.347264,0.499010,2.208329,0.470328
2.241740,0.521024,2.420531,0.484446
1.238377,0.341881,1.145316,0.234856
2.333629,0.493524,2.007212,0.439178
1.236501,0.341993,1.307283,0.235675
3.252152,0.664951,3.198834,0.735283
2.444874,0.523501,2.220343,0.475519
2.509996,0.580336,2.748103,0.608091
1.286520,0.371703,1.491179,0.274160
1.621182,0.400653,1.694392,0.321396
2.620622,0.515386,2.469925,0.505159
2.216356,0.468914,2.136830,0.450757
1.660936,0.437650,1.705303,0.381272
2.004514,0.470528,2.137156,0.420843
1.836408,0.410177,1.564490,0.321015
2.024672,0.465878,1.807060,0.414663
2.079795,0.473114,2.337022,0.424544
1.344395,0.352958,1.232055,0.246331
1.416484,0.375124,1.364011,0.275602
3.114304,0.624188,2.824372,0.670832
2.314201,0.537618,2.453356,0.542251
2.025444,0.473101,2.075128,0.413477
2.310501,0.546569,2.441589,0.525418
2.718067,0.528818,2.327694,0.510916
2.968874,0.601114,2.715957,0.631969
2.004580,0.489801,2.161182,0.466221
1.762855,0.417541,1.583999,0.337996
2.816396,0.598234,2.580042,0.658263
1.782997,0.431594,1.558892,0.371969
2.478157,0.509563,2.199804,0.503636
1.265559,0.350090,1.267089,0.244378
2.585061,0.564335,2.592498,0.623977
2.023357,0.471888,2.305549,0.443419
2.323816,0.514080,2.077418,0.454629
2.117685,0.458898,2.217687,0.409263
3.058522,0.673824,3.229981,0.782227
1.190260,0.348967,1.195435,0.248905
2.342163,0.521094,2.537244,0.495017
2.737280,0.538342,2.466048,0.557521
3.126150,0.637866,3.078857,0.681794
1.374145,0.356541,1.278477,0.258495
2.590425,0.551752,2.488762,0.556370
2.381859,0.495124,2.366264,0.449217
1.789248,0.409873,2.014452,0.344934
1.111030,0.333049,1.111263,0.223063
2.854747,0.572781,2.953085,0.592453
2.851708,0.641143,3.138363,0.701202
2.750856,0.547771,2.496429,0.558904
2.467619,0.572766,2.597579,0.578200
1.897758,0.446946,1.955036,0.399607
1.744268,0.430800,1.734100,0.355275
2.778291,0.582097,2.575378,0.592635
1.410374,0.371945,1.411745,0.271654
1.188693,0.350002,1.180217,0.245773
2.958376,0.621411,2.829716,0.643585
1.500070,0.370033,1.474693,0.281117
3.233185,0.658735,2.816823,0.713892
2.926311,0.581004,2.858646,0.613043
2.502132,0.550792,2.302914,0.551911
2.304714,0.493228,2.282728,0.467592
1.446574,0.385403,1.452551,0.287169
1.294596,0.353756,1.260927,0.251411
1.163454,0.346770,1.161430,0.236402
1.213382,0.337525,1.416868,0.233939
2.944542,0.628751,2.860720,0.674747
1.935406,0.486942,2.310588,0.464870
1.707608,0.442246,2.032423,0.374073
1.933685,0.443547,1.742321,0.381147
1.175939,0.351214,1.267023,0.243677
3.167539,0.638394,3.146920,0.708765
1.486696,0.395497,1.452358,0.292985
1.773647,0.417386,1.663601,0.336377
1.146281,0.341706,1.219919,0.234667
1.687871,0.419142,1.744056,0.364514
3.125863,0.661664,2.999013,0.742558
1.263404,0.336645,1.133399,0.232417
1.964963,0.459867,1.973614,0.408130
1.694040,0.418400,1.762203,0.349702
1.936886,0.457884,2.034791,0.394527
2.305374,0.532254,2.391460,0.505781
3.064496,0.649124,3.239038,0.710391
2.242095,0.490283,2.518221,0.467682
1.972371,0.459084,2.065780,0.394925
1.433933,0.385330,1.459358,0.307700
2.009579,0.471163,2.034859,0.438962
2.852696,0.605959,2.657954,0.629343
3.292146,0.678953,3.358611,0.771518
1.124223,0.336390,1.123677,0.226820
3.069702,0.600230,2.724463,0.633195
1.468079,0.372914,1.368387,0.275887
2.084352,0.468676,1.996514,0.404967
1.828942,0.454050,1.887895,0.423951
2.468793,0.556395,2.560467,0.570276
1.926435,0.478552,2.059664,0.414670
1.740868,0.428168,1.748574,0.355279
2.013499,0.440102,1.950076,0.414657
1.987881,0.455459,1.982386,0.394965
2.924295,0.606432,2.954350,0.655461
2.953442,0.643606,3.151831,0.728426
1.944443,0.423941,1.705576,0.351361
1.446408,0.372386,1.399464,0.291540
2.801740,0.599681,2.646020,0.654321
2.063706,0.485161,2.020805,0.463920
1.915354,0.444117,1.719903,0.405949
1.555471,0.367067,1.354532,0.272799
1.675905,0.442094,1.901085,0.399210
2.076188,0.456797,1.920342,0.383967
1.753469,0.398219,1.389126,0.312205
2.841764,0.620964,2.852852,0.677163
2.439120,0.519365,2.292805,0.493795
2.455163,0.539154,2.508427,0.533143
1.668048,0.394162,1.682212,0.330020
3.160119,0.684591,3.152960,0.782544
3.100415,0.632573,3.092387,0.736474
2.095445,0.488656,1.905809,0.452432
2.050901,0.429599,1.724924,0.371442
2.390177,0.534342,2.400063,0.514568
2.352564,0.538720,2.963025,0.538162
2.669375,0.580579,2.690822,0.626646
1.169221,0.346078,1.168060,0.241598
1.462374,0.394529,1.682190,0.303964
1.785009,0.406880,1.718777,0.332760
2.003470,0.465531,1.908567,0.433298
3.264480,0.671295,3.366400,0.783998
2.293026,0.492337,2.137127,0.446557
1.247538,0.347110,1.266587,0.242067
1.503680,0.376248,1.439984,0.281016
2.392395,0.537736,2.224155,0.520367
1.764903,0.435004,1.898560,0.364480
1.901117,0.509687,2.512492,0.475108
2.385315,0.525372,2.416007,0.536365
2.284877,0.468125,1.910506,0.446476
2.049519,0.447614,1.779267,0.393869
2.481658,0.518611,2.304463,0.499970
1.126727,0.337105,1.204084,0.228186
1.295507,0.354190,1.409476,0.256742
2.812547,0.537761,2.381041,0.515185
2.580413,0.549900,2.462457,0.587067
1.491535,0.391671,1.427220,0.295335
3.140672,0.597254,2.858432,0.622755
2.598281,0.595495,2.774404,0.633596
1.602380,0.437020,1.646250,0.345386
2.947296,0.586244,3.116072,0.609527
1.857665,0.427830,1.901220,0.346618
1.872520,0.423408,1.820921,0.341637
1.551836,0.420322,1.914850,0.356343
1.995809,0.437844,2.099575,0.402209
1.291992,0.363280,1.223234,0.254423
2.660286,0.595530,2.778224,0.638479
2.046863,0.474949,2.324396,0.440793
2.953471,0.611143,3.070551,0.699953
1.527433,0.398738,1.509248,0.336865
1.935036,0.458901,2.091107,0.388558
1.098898,0.329669,1.098898,0.219780
1.560889,0.383603,1.493845,0.309354
1.910441,0.452186,2.101290,0.398505
1.350831,0.347268,1.164338,0.241410
3.136352,0.637797,3.185824,0.720194
2.020229,0.476360,2.100784,0.437112
1.978934,0.466636,2.382370,0.415333
1.749603,0.423734,1.708101,0.366837
2.456697,0.564946,2.645060,0.619103
1.772362,0.406015,1.455536,0.326951
2.034297,0.469398,2.230059,0.419891
2.227947,0.487119,2.176179,0.447873
2.151085,0.486772,1.952399,0.430556
2.988744,0.602523,3.220634,0.624485
1.601396,0.373240,1.436821,0.288427
1.995153,0.458539,1.922361,0.395778
3.043170,0.617862,3.236881,0.717711
1.098898,0.329669,1.098898,0.219780
1.516284,0.407107,1.601947,0.309759
2.170696,0.443426,2.007296,0.374170
1.316438,0.363586,1.349576,0.259578
2.303602,0.503165,2.094283,0.486502
1.973174,0.478043,2.261598,0.431275
1.949664,0.436205,1.711312,0.367895
2.033165,0.464687,2.100973,0.414305
3.449691,0.668592,3.023270,0.793834
2.547922,0.547900,2.671056,0.555398
1.836877,0.391666,1.504647,0.333374
2.188575,0.529415,2.316183,0.531158
1.111059,0.333039,1.111260,0.223262
1.326293,0.364678,1.339877,0.266147
1.718386,0.386829,1.405850,0.321480
1.401966,0.358043,1.206120,0.253079
1.197107,0.352229,1.288538,0.247557
1.675394,0.401680,1.558809,0.316362
2.674035,0.575950,2.756937,0.620973
2.110976,0.481624,2.031842,0.478281
2.045130,0.436244,1.750415,0.379151
1.339725,0.380967,1.420276,0.277370
2.484106,0.569133,2.791193,0.580805
2.779155,0.574005,2.718979,0.592139
1.638012,0.410765,1.656173,0.324495
2.074885,0.411632,1.756066,0.345052
2.032639,0.460439,2.275454,0.429274
2.221071,0.512254,2.277638,0.510546
2.157287,0.475580,2.012250,0.430930
1.955962,0.486995,2.193523,0.444584
1.992019,0.444964,2.013749,0.391150
2.175132,0.503112,2.498202,0.483250
3.123412,0.655634,3.136549,0.721081
2.517927,0.517663,2.220545,0.494780
1.969246,0.478928,1.942339,0.424194
1.599010,0.391744,1.622180,0.304188
2.474605,0.493803,2.052109,0.460772
3.301221,0.710968,3.128715,0.777281
1.140697,0.339360,1.143595,0.232635
1.127282,0.336259,1.126422,0.229116
1.795329,0.427605,1.985430,0.368303
2.576374,0.554287,2.509916,0.535167
2.788466,0.581876,2.918009,0.612318
1.509317,0.418427,1.787587,0.356593
1.608758,0.383829,1.782676,0.286591
1.519306,0.386442,1.627790,0.295921
3.028108,0.638672,2.860772,0.664198
1.256114,0.350566,1.182535,0.246895
1.512240,0.383793,1.577360,0.281105
1.124508,0.336165,1.125649,0.227393
1.596345,0.407066,1.653579,0.322538
1.220493,0.360778,1.220580,0.254286
1.910361,0.450151,2.046556,0.384018
2.028813,0.459286,2.099893,0.419422
2.575452,0.604204,2.460453,0.597079
2.798203,0.576271,2.876308,0.619557
3.449394,0.681754,3.364766,0.801871
1.239977,0.343129,1.251419,0.238876
1.216173,0.336624,1.198833,0.229850
1.786443,0.408648,1.474563,0.326977
1.426538,0.384616,1.570402,0.299453
2.672096,0.537058,2.351529,0.539289
1.931144,0.432421,2.039991,0.357874
2.236522,0.501261,2.255581,0.479737
2.612971,0.542698,2.520742,0.574835
3.054350,0.563670,2.754513,0.598104
1.588595,0.393533,1.823645,0.318989
1.882073,0.426776,1.736721,0.357773
2.472880,0.513465,2.475930,0.505982
3.308287,0.678742,3.576906,0.784301
1.812833,0.410255,1.819346,0.333010
1.388352,0.358830,1.208566,0.257088
2.112149,0.451975,1.924789,0.410583
1.556488,0.407617,1.499519,0.313316
1.893910,0.479898,2.112843,0.430626
2.062002,0.411614,1.664257,0.328475
1.823526,0.409097,1.460506,0.334134
3.303450,0.641918,3.242199,0.708923
1.264366,0.347534,1.172685,0.238642
2.370759,0.464954,2.050449,0.429382
2.084508,0.479786,2.214014,0.451608
1.111900,0.332982,1.111161,0.223394
1.383818,0.377950,1.374363,0.276009
2.439494,0.528700,2.479528,0.537132
2.378309,0.502638,2.403833,0.480110
2.942383,0.620167,3.296525,0.665047
1.629929,0.393613,1.748105,0.309663
1.273254,0.351162,1.247052,0.243389
2.261194,0.492717,2.381874,0.476301
1.268786,0.362326,1.438639,0.260684
1.620152,0.388571,1.702039,0.304581
2.492391,0.512274,2.208350,0.486856
1.694664,0.413356,1.768842,0.365496
2.024924,0.460260,1.805516,0.440541
1.445535,0.389414,1.480204,0.317348
1.605553,0.403606,1.760639,0.316011
2.562896,0.537173,2.518544,0.530504
1.448255,0.374391,1.566767,0.295105
3.198345,0.690254,3.317791,0.806628
1.425168,0.382637,1.486371,0.297919
2.069058,0.494214,2.186572,0.466012
1.742433,0.391230,1.569501,0.339125
1.411593,0.351841,1.279330,0.256111
2.945678,0.621834,2.741582,0.651227
1.194478,0.348827,1.201569,0.247855
2.300787,0.517352,2.587940,0.491611
2.299841,0.495598,2.504020,0.478061
3.081244,0.658387,3.431123,0.758664
1.109433,0.329786,1.099139,0.219868
1.209547,0.343930,1.191640,0.243212
2.449467,0.507807,2.292967,0.492861
1.552441,0.407267,1.548114,0.349058
2.954397,0.604934,2.993531,0.641248
2.137451,0.451044,2.068227,0.371533
1.627613,0.416268,1.841032,0.348674
1.686974,0.408755,1.514907,0.323328
1.560370,0.379701,1.504864,0.294103
2.017638,0.463679,1.825394,0.403472
3.443321,0.684601,3.169745,0.800090
2.057483,0.455366,1.790886,0.385611
1.490998,0.387571,1.540694,0.298927
1.098898,0.329669,1.098898,0.219780
3.566759,0.651455,3.107920,0.749869
3.454870,0.694699,3.176331,0.794523
1.436593,0.373701,1.300701,0.271835
2.510277,0.563121,2.556927,0.575944
2.854078,0.574929,3.241618,0.596850
1.864943,0.451158,1.920320,0.403800
1.175990,0.343797,1.297050,0.246482
1.265896,0.374037,1.264179,0.267427
1.162171,0.346937,1.163318,0.237418
2.975424,0.633427,2.852492,0.683755
1.436375,0.375503,1.290304,0.271020
1.807603,0.420686,1.954477,0.345803
1.856066,0.483354,2.155001,0.451825
1.110968,0.333064,1.110871,0.222990
1.824630,0.444570,1.859057,0.367364
2.033835,0.459759,1.724759,0.402203
1.721332,0.420777,1.602410,0.338031
1.610012,0.422014,1.765543,0.341178
2.230551,0.507804,2.294683,0.486587
1.098898,0.329669,1.098898,0.219780
3.068147,0.637722,3.041260,0.704914
2.568021,0.587049,2.784731,0.592788
2.566743,0.554202,2.425145,0.563966
2.086313,0.457733,2.292987,0.405039
1.098898,0.329669,1.098898,0.219780
1.123862,0.336880,1.153344,0.226919
2.008599,0.487167,2.279520,0.430179
1.619498,0.377020,1.538334,0.300592
1.601441,0.398694,1.491862,0.320873
1.303370,0.339008,1.136716,0.232220
1.242942,0.370195,1.401305,0.264485
1.133087,0.338714,1.135947,0.229687
1.111829,0.332928,1.112018,0.223632
1.191821,0.347600,1.193332,0.246950
1.867904,0.427280,1.821688,0.353245
2.703252,0.544651,2.490425,0.570673
1.672286,0.429728,1.961807,0.348643
1.648213,0.402551,1.596741,0.324343
2.318997,0.492203,2.167890,0.476637
2.593096,0.598620,2.832249,0.655221
1.126072,0.336079,1.124973,0.227715
2.638823,0.537615,2.382636,0.518550
2.557266,0.491639,2.398236,0.450338
2.423899,0.504813,2.322004,0.487882
1.177448,0.338871,1.139133,0.234206
2.541209,0.543036,2.319250,0.513811
2.468801,0.562348,2.547204,0.604076
1.669023,0.423909,1.715729,0.341639
1.254133,0.345286,1.157814,0.237673
1.966831,0.485657,2.138219,0.424782
2.196509,0.480587,2.060074,0.430991
2.956357,0.643416,3.009289,0.711697
2.486911,0.540943,2.571757,0.552214
1.723845,0.410147,1.585640,0.331015
1.278753,0.358601,1.233175,0.255520
2.584599,0.559143,2.832088,0.564049
1.412821,0.406523,1.508357,0.312743
1.289789,0.377664,1.390405,0.272174
2.536405,0.586674,2.825711,0.599436
1.206666,0.339065,1.197697,0.238051
1.767368,0.425988,2.122062,0.355787
2.177826,0.500336,2.251830,0.450248
1.112696,0.333049,1.149352,0.224161
2.293200,0.516754,2.721859,0.503608
2.949362,0.586360,3.002715,0.631122
1.506573,0.402646,1.377598,0.338015
1.697047,0.439241,1.625489,0.375491
1.755357,0.437371,1.798176,0.380694
1.230705,0.361589,1.257833,0.262544
3.097351,0.643902,3.106779,0.723470
1.283275,0.355348,1.305554,0.262822
3.102025,0.633231,3.177264,0.696102
3.684897,0.700404,3.748888,0.858057
1.911698,0.454245,1.840005,0.391373
1.898366,0.437166,2.004692,0.399126
2.097011,0.463991,1.905953,0.402218
2.419292,0.540686,2.258136,0.531089
1.304050,0.356698,1.238167,0.248280
1.502933,0.373250,1.471688,0.283073
1.551987,0.412645,1.500355,0.329305
1.716733,0.411022,1.594057,0.331772
2.569573,0.546438,2.582098,0.536136
2.257705,0.489784,2.379706,0.447798
1.111998,0.332922,1.111307,0.223488
1.141867,0.335034,1.221613,0.226008
1.814283,0.437211,1.816844,0.366653
3.157494,0.654665,3.281567,0.775327
1.180510,0.352069,1.279770,0.245246
1.860071,0.444824,1.788356,0.397323
2.205944,0.490888,2.390740,0.456148
3.498749,0.703626,3.468055,0.855221
1.521599,0.408973,1.642931,0.326316
1.653146,0.396267,1.448257,0.335829
2.425127,0.506950,2.116401,0.481216
1.289133,0.356872,1.376562,0.255504
2.112461,0.457551,2.463956,0.416815
1.853201,0.443965,1.929557,0.376535
2.064515,0.454309,1.976410,0.395000
2.035543,0.435233,2.026069,0.372080
1.562995,0.371377,1.528018,0.305276
1.367918,0.373787,1.435730,0.279001
2.458622,0.558905,2.589714,0.581041
1.195047,0.338618,1.139376,0.233663
2.290425,0.503550,2.303035,0.486368
1.732851,0.422842,1.815833,0.352057
1.818136,0.401462,1.533508,0.315891
1.684994,0.408581,1.613531,0.342606
1.663552,0.428064,1.763385,0.388928
1.465957,0.372318,1.440044,0.271543
2.060948,0.481006,2.039341,0.442037
3.312541,0.682986,3.466102,0.808779
1.517588,0.388539,1.535158,0.303751
3.158113,0.654386,3.089918,0.721422
1.858010,0.428669,1.563646,0.359523
3.112618,0.601265,2.952466,0.626502
2.389049,0.524303,2.461097,0.512657
2.795220,0.562929,2.678429,0.561480
2.791684,0.574673,2.952593,0.593935
1.420126,0.377945,1.297450,0.276856
1.231910,0.345163,1.163131,0.241284
1.312245,0.353021,1.188668,0.249417
2.306220,0.458794,1.893471,0.404564
1.124124,0.335919,1.127498,0.226876
2.536055,0.557268,2.514186,0.603219
1.861232,0.454886,1.813341,0.426187
1.955254,0.455690,2.138750,0.388083
2.184519,0.504905,2.537526,0.520916
2.201880,0.458434,2.090878,0.393493
2.603043,0.540480,2.598796,0.550586
1.306517,0.355113,1.214621,0.250277
1.099963,0.330227,1.143714,0.220276
3.446184,0.676611,3.293438,0.785807
2.286468,0.500917,2.386302,0.473032
1.724031,0.450932,1.676984,0.386417
2.329664,0.485119,2.235592,0.470906
2.958712,0.558164,2.701110,0.608587
2.910414,0.610176,2.956176,0.688529
2.895505,0.585734,2.736346,0.628124
1.309674,0.354293,1.307770,0.261700
2.033913,0.474730,2.274758,0.422463
1.675164,0.450911,2.024799,0.405616
2.496988,0.524098,2.299300,0.490515
2.633420,0.564117,2.545648,0.582763
3.020950,0.634050,3.024696,0.718346
1.211586,0.357505,1.486893,0.254303
2.047057,0.462741,1.995549,0.390812
2.088161,0.412782,1.660730,0.349500
1.746217,0.414250,1.986664,0.347133
1.442832,0.374166,1.479998,0.283241
1.912098,0.450681,1.996052,0.408956
1.496049,0.373574,1.591346,0.281711
1.237049,0.339619,1.211742,0.236185
1.168825,0.347814,1.273124,0.239929
1.412995,0.364026,1.400983,0.256201
3.128147,0.646772,3.177317,0.711845
1.413921,0.365788,1.469294,0.272320
3.016804,0.684475,3.219225,0.725997
1.403673,0.376245,1.524986,0.285711
1.726026,0.403809,1.702110,0.321310
1.529937,0.378390,1.532345,0.280449
1.678441,0.436681,1.706318,0.394961
2.993500,0.614089,2.706412,0.695413
2.658903,0.571118,2.447127,0.578551
1.902255,0.443947,1.714681,0.358294
2.635583,0.511116,2.391801,0.490859
1.295154,0.353537,1.186683,0.247276
1.874363,0.438191,1.762892,0.384963
1.663060,0.407795,1.850100,0.332111
1.217725,0.352868,1.275269,0.247127
1.365616,0.373492,1.448295,0.276869
2.745065,0.617446,2.932052,0.671681
1.793187,0.459490,2.119017,0.411537
2.726268,0.561815,2.934560,0.569514
1.186322,0.352445,1.272844,0.247601
2.770550,0.604966,2.714124,0.611939
2.823390,0.535680,2.498936,0.550975
1.412721,0.361019,1.298968,0.284213
1.764751,0.423453,1.605500,0.355657
3.240569,0.637670,3.021525,0.692168
3.463343,0.721563,3.521448,0.906060
2.660829,0.586490,2.654309,0.640313
1.548378,0.386685,1.480902,0.298169
2.132715,0.486653,2.321293,0.480877
2.280274,0.527939,2.488381,0.497952
1.383234,0.352474,1.373649,0.255844
2.571801,0.528029,2.569707,0.541758
1.467385,0.395403,1.777522,0.310959
2.645639,0.573368,2.663662,0.620749
1.628843,0.412703,1.640515,0.339325
1.146721,0.340746,1.203870,0.241527
1.781101,0.443746,2.064823,0.378229
1.408630,0.341991,1.448095,0.247678
2.787966,0.580646,2.730569,0.597729
1.634715,0.397592,1.691238,0.314765
2.791212,0.651199,3.218484,0.728471
3.403058,0.682372,3.324448,0.806985
2.563733,0.530386,2.426213,0.507542
2.269247,0.518915,2.358354,0.492410
2.624030,0.594176,2.556661,0.611787
2.142009,0.477745,2.089102,0.427075
1.312558,0.353226,1.291938,0.268080
1.145540,0.341641,1.244673,0.234637
1.691312,0.431917,1.871727,0.362965
2.644375,0.537699,2.444593,0.501570
2.168467,0.471759,2.028650,0.420970
1.768155,0.452372,1.897575,0.399635
3.210622,0.610645,2.859391,0.677457
2.051974,0.483439,2.177529,0.425390
2.670948,0.570678,2.740833,0.592077
1.255720,0.359034,1.442224,0.254248
1.707509,0.416973,1.666076,0.357216
2.125816,0.519902,2.382168,0.516216
1.475876,0.383386,1.611835,0.319818
1.453174,0.371205,1.491186,0.280152
1.294251,0.364141,1.362281,0.270347
1.656083,0.374051,1.521968,0.295679
1.655127,0.406852,1.792856,0.341768
1.365771,0.364185,1.339712,0.265656
2.721336,0.611023,2.993455,0.643332
1.384200,0.368703,1.354795,0.276040
1.868300,0.435789,1.905746,0.363676
1.895704,0.426811,1.884589,0.360062
3.507962,0.664704,3.056264,0.762062
1.952281,0.440278,1.850618,0.359658
3.417704,0.658147,3.105292,0.713302
1.828798,0.431601,1.796251,0.356611
1.681969,0.399747,1.763384,0.335841
2.042640,0.489485,2.297760,0.443973
2.821766,0.595124,2.854392,0.632353
2.011540,0.452069,2.137322,0.389955
1.105778,0.331882,1.240809,0.222958
1.328771,0.355778,1.286102,0.252501
1.909187,0.446728,1.812016,0.401047
3.867748,0.762802,3.760824,0.382494
1.626723,0.421236,1.825587,0.337652
1.117411,0.334407,1.210992,0.226505
1.430818,0.392756,1.614634,0.296088
2.052828,0.467548,1.985452,0.439928
2.477503,0.528681,2.414907,0.485625
1.911637,0.458986,1.758441,0.417997
1.670936,0.418110,1.570741,0.341319
2.966686,0.606613,2.936540,0.633195
2.327808,0.496771,2.419155,0.494353
1.606379,0.395302,1.491732,0.329721
1.848616,0.437854,1.612075,0.372380
1.157945,0.344890,1.250554,0.237102
3.102202,0.705643,3.398195,0.794305
1.820530,0.416605,1.637040,0.360738
2.795970,0.625377,3.102779,0.723865
1.264359,0.350819,1.189393,0.244615
1.380205,0.377946,1.299800,0.281810
1.507109,0.379677,1.311051,0.286173
2.552258,0.535037,2.342179,0.499037
1.408019,0.360174,1.374433,0.261071
2.430928,0.544542,2.468464,0.590240
1.666697,0.430135,1.735948,0.344526
2.802599,0.566473,2.570300,0.580013
1.420068,0.353530,1.229251,0.246681
1.455812,0.379968,1.574495,0.296985
1.111001,0.333035,1.111225,0.223115
2.456761,0.508143,2.233653,0.481592
1.774220,0.432784,1.681449,0.360304
1.331242,0.374293,1.597459,0.281769
3.129194,0.612028,2.849953,0.645708
3.415420,0.681017,3.277822,0.733562
3.384989,0.729103,3.656367,0.875706
3.229151,0.704043,3.235134,0.834978
1.564653,0.389839,1.721677,0.298287
1.306399,0.364779,1.239756,0.263681
1.440399,0.387205,1.552897,0.295154
2.099369,0.475895,2.253328,0.460879
1.433093,0.397186,1.719580,0.304940
1.285474,0.356267,1.342205,0.257208
2.239463,0.505676,2.181261,0.475933
1.855594,0.433809,1.763713,0.369143
2.963368,0.555077,2.658717,0.592535
2.316725,0.527428,2.450152,0.501054
1.328599,0.366912,1.249257,0.261305
1.613199,0.421143,1.669769,0.363332
2.733180,0.644002,3.080048,0.695627
1.697158,0.410593,1.763572,0.368107
1.216960,0.363226,1.324669,0.261929
2.077435,0.495436,2.348756,0.471619
2.766890,0.602253,2.754739,0.624270
1.387389,0.383334,1.405049,0.283465
2.431562,0.544977,2.537416,0.548631
2.449743,0.554091,2.692143,0.542471
1.262132,0.371286,1.354253,0.269770
1.677211,0.396465,1.544860,0.304278
2.666084,0.543177,2.567490,0.549398
2.251565,0.473705,1.992638,0.438480
1.170044,0.343488,1.303707,0.244800
2.120987,0.463470,1.895515,0.411553
3.033131,0.635094,3.109858,0.704697
1.380655,0.380861,1.410295,0.292649
2.863899,0.614539,2.899551,0.658514
1.125046,0.336285,1.124636,0.227471
2.466503,0.529351,2.570675,0.502226
1.471110,0.367096,1.525278,0.300221
1.266974,0.347828,1.196346,0.245044
1.928039,0.449411,1.963293,0.391115
1.183447,0.337354,1.407793,0.242783
3.240538,0.689659,3.228265,0.778489
